1 -4.261547207845388466566222129827679054869805
1.079181246047624886941207478230353444814682 -4.57984332380314765288328859860200736875413
1.14612803567823795525271179940318688750267 -4.848575728911413639053012980539847376348916
1.204119982655924792069868090038653463125229 -5.081156177557191776575362673895597254158929
1.255272505103306013296560195158235728740692 -5.286185924119274330383599913574244055780582
1.301029995663981253528618253767490386962891 -5.469515874350045524406038754960945880156942
1.34242268082220617131383733067195862531662 -5.635308470281300211989633508480324053380173
1.380211241711605918425220806966535747051239 -5.786631395021026072564979125800732617790345
1.414973347970817973973112202656920999288559 -5.925811059045721835604469962532903082319535
1.447158031342219208781330053170677274465561 -6.054653905087291720747699752536163941840641
1.477121254719662379883970970695372670888901 -6.174590777401389058657438235755421374051366
1.50514997831990604559848634380614385008812 -6.286774393064602234424548266034094012866262
1.531478917042255138980522133351769298315048 -6.392147096170453047635912069424080073076766
1.556302500767287266825178448925726115703583 -6.491489149836995447510196166618356983235572
1.579783596616810115165208117105066776275635 -6.585453914593694093194270466895545723673422
1.602059991327962507057236507534980773925781 -6.674593967908256540375044885138322570128366
1.623249290397900557181287695129867643117905 -6.759380830463544635993561326969825131527614
1.64345267648618742484245558443944901227951 -6.840220087104870522014266054355857704649679
1.662757831681574094417896958475466817617416 -6.91746313885403846027574714661056987097254
1.68124123737558717195383906073402613401413 -6.991416446901525480819850066893650364363566
1.698970004336018746471381746232509613037109 -7.062348884729326006955141270537978925858624
1.716003343634799005457125531393103301525116 -7.130497646113257794332068728593299056228716
1.732393759822968615225136090884916484355927 -7.196073035375541974371232933904707351757679
1.748188027006200462309948306938167661428452 -7.259262383581181081026317825077853740367573
1.763427993562937334814932910376228392124176 -7.320233281255711453149731537948241566482466
1.778151250383643633412589224462863057851791 -7.379136255062890725753277365583926439285278
1.792391689498253892764978445484302937984467 -7.4361070103986704918179462264760104517336
1.806179973983887077082499672542326152324677 -7.49126831758622463907845712149935479828855
1.819543935541868773242413226398639380931854 -7.544731601328714038802447650056137717911042
1.832508912706236392509140387119259685277939 -7.596598300831688001678171362485159079369623
1.845098040014256923768698470667004585266113 -7.646961026951111486255063809380771999713033
1.857332496431268520353796702693216502666473 -7.695904558775862581553733887673729441303294
1.869231719730976237769937142729759216308594 -7.743506701884189383916501370208607113454491
1.880813592280791368693826370872557163238525 -7.789839032833622347283542008966605862951837
1.89209460269048035385708317335229367017746 -7.834967547543301989373953908568637416465208
1.903089986991943538541249836271163076162338 -7.878953226136744347404827770731117198010907
1.913813852383716707095118181314319372177124 -7.921852529986600988370221143597404989122879
1.924279286061881588665301023866049945354462 -7.96371783580827113848549236863050282408949
1.934498451243567673785150873300153762102127 -8.004597821526445968615126602685450052376837
1.944482672150168678371073838206939399242401 -8.044537805586169844189459166017286406713538
1.954242509439324759767941941390745341777802 -8.083580051243015863332574966193533327896148
1.963787827345555125901910287211649119853973 -8.121764033132014464280712395805039705010131
1.973127853599698555697727897495497018098831 -8.159126676356251480458359193193018654710613
1.98227123303956842548245731450151652097702 -8.19570257543993206574700627342622283322271
1.991226075692494879021410270070191472768784 -8.23152418338342290338865980814375689078588
2 -8.266621985093636787271520471875874136458151
2.008600171761917518864493104047141969203949 -8.301024653146328629443884139504916674923152
2.017033339298780258985743785160593688488007 -8.334759191822415063354012598750841789296828
2.025305865264770410760775121161714196205139 -8.367851058501491781117798129940865692333318
2.033423755486949868753754344652406871318817 -8.400324285971163381682436099850974642322399
2.041392685158224917785219076904468238353729 -8.43220158161273167576887921370598633075133
2.049218022670181493793961635674349963665009 -8.46350442407760230386498667698447206930723
2.056904851336472717093784012831747531890869 -8.494253161304873948021787466444720848812722
2.064457989226918588343551164143718779087067 -8.524467047847152875207632494181098081753589
2.071882007306125483836467537912540137767792 -8.554164394998374184794776020623885415261611
2.079181246047624664896602553199045360088348 -8.583362560754498262957645771109582710778341
2.086359830674748394585549249313771724700928 -8.612078051953457359657395642216215492226183
2.093421685162235146293596699251793324947357 -8.64032656797710530739708989500513780512847
2.100370545117562937065258665825240314006805 -8.66812305426717012463849743042487716593314
2.107209969647868330611117926309816539287567 -8.695481747858288705706197863065654019010253
2.113943352306836942489098873920738697052002 -8.722416226035487205048291059483744902536273
2.120573931205850026771031480166129767894745 -8.748939452210140443541575017150080384453759
2.127104798364807702881762452307157218456268 -8.775063788888329911405672412172407348407432
2.133538908370217423993153715855441987514496 -8.800801057965385229379939868721294260467403
2.139879086401236474301867929170839488506317 -8.826162565359017189887957943739138499950059
2.146128035678238177297316724434494972229004 -8.851159121277810942936270510728036242653616
2.152288344383056273301235705730505287647247 -8.875801085548699767904801127826885931426659
2.158362492095249773882414956460706889629364 -8.900098378894280238583791575734949219622649
2.164352855784437146269283402943983674049377 -8.924060485602657160318640361396091975620948
2.170261715394957491298555396497249603271484 -8.947696578696116869421073314327941261581145
2.176091259055681348399957641959190368652344 -8.971015367583606933514495107573338827933185
2.181843587944772622222444624640047550201416 -8.994025284066472558652804991652374155819416
2.187520720836463095082535801338963210582733 -9.016734384591045995717417671500015785568394
2.19312459835446160738570142711978405714035 -9.039150440059128210033845274296027128002606
2.198657086954422634761385779711417853832245 -9.061280920673565981646180311770422122208402
2.204119982655925014114473015069961547851562 -9.083133013536782200680885779320306028239429
2.209515014542630773064502136548981070518494 -9.104713650575339368292704378404778253752738
2.214843848047697960623736435081809759140015 -9.126029430181674175284745054170798539416865
2.220108088040054994394267851021140813827515 -9.147086853426380010333163195213046492426656
2.225309281725862842193919277633540332317352 -9.167892059799569805071672856655595751362853
2.230448921378274107496508804615586996078491 -9.188451043364064374507904631173005327582359
2.235528446907548705269164202036336064338684 -9.208769552570280156160442697199641770566814
2.240549248282599492654298956040292978286743 -9.228853152373486527955404046252851912868209
2.245512667814149931899692091974429786205292 -9.248707217726936232957135608501175738638267
2.250420002308894051878951358958147466182709 -9.268336926481967788515881068178714485839009
2.255272505103306013296560195158235728740692 -9.287747284788574801683846970945523935370147
2.260071387985074675697205748292617499828339 -9.306943164393265811515365548700629005907103
2.264817823009536379430528540979139506816864 -9.325929234971239717953694903229688861756586
2.269512944217916494693554341210983693599701 -9.344710042762844384375831019440283853327855
2.274157849263680031270951076294295489788055 -9.363289973248560453013278337408564766519703
2.278753600952828861636589863337576389312744 -9.381673286961080492594999835631597306928597
2.283301228703549679011075568269006907939911 -9.399864087958967390733222568854898781864904
2.287801729930226013465244250255636870861053 -9.417866356248322989332122379124712097109295
2.292256071356475910505423598806373775005341 -9.435684019452685747028630736110699217533693
2.296665190261530931081779272062703967094421 -9.453320760232016646898434153456491912947968
2.301029995663981253528618253767490386962891 -9.470780248190921646669893085856983816483989
2.305351369446623888137537505826912820339203 -9.488065984644859261927518634394118635100313
2.30963016742589877239311135781463235616684 -9.505181429419505527954326051798261687508784
2.313867220369153265835393540328368544578552 -9.522129876889744465318088373351201880723238
2.318063334962761512514362038928084075450897 -9.538914543324781118889543751748760769260116
2.32221929473391908160806451633106917142868 -9.555538620598214503455702928391701789223589
2.32633586092875166428939337492920458316803 -9.57200511485883406750246882310761975531932
2.330413773349190975636702205520123243331909 -9.588316971137545996484163879358675330877304
2.334453751150930678193162748357281088829041 -9.604477087625147169874795238797560159582645
2.338456493604604613523179068579338490962982 -9.620488256418758709308247656366575029096566
2.34242268082220617131383733067195862531662 -9.636353188752978547737537695638820878230035
2.346352974450638839698513038456439971923828 -9.652074558783097046714416489265886411885731
2.350248018334162747322579889441840350627899 -9.667654919614897345188364585766294112545438
2.354108439147400755331318578100763261318207 -9.683096804421498283478586532879717196919955
2.35793484700045397062240226659923791885376 -9.698402604366861047384407168436837309855036
2.361727836017593062933883629739284515380859 -9.713574718117718933760307287172963697230443
2.365487984890899841872169417911209166049957 -9.728615476267231032200810680876656988402829
2.369215857410142955785659069078974425792694 -9.743527139715913482249931565348788353730924
2.372912002970106737365085791680030524730682 -9.758311865447881932808527061240511102369055
2.376576957056511840704615678987465798854828 -9.772971832186305993390995627834172410075553
2.380211241711605918425220806966535747051239 -9.787509149292526428737248878064747259486467
2.383815365980431089099056407576426863670349 -9.801925742682751258733064858574834943283349
2.387389826338729648114167503081262111663818 -9.816223751693765672485247897327553801005706
2.390935107103379309023694077041000127792358 -9.830405013676158438272467687824018867104314
2.394451680826216399822214953019283711910248 -9.844471439449836359068812807748827253817581
2.397940008672037492942763492465019226074219 -9.858424876172528212095458322039576160022989
2.401400540781544190593876919592730700969696 -9.872267132562541178293635812934780915384181
2.404833716619938055458760572946630418300629 -9.88599996991221195014043487958588229957968
2.408239965311849584139736180077306926250458 -9.899625089572063925055789290752272790996358
2.411619705963230053669121843995526432991028 -9.913144158232421496168562669026869116351008
2.414973347970817751928507277625612914562225 -9.926558829001429098623510149934645596658811
2.418301291319745249808192966156639158725739 -9.939870744298492899818087131791344290832058
2.421603926869831280299649733933620154857635 -9.95308138378369994941907705765515856910497
2.424881636631067038933906587772071361541748 -9.966192364382246871891413153576877448358573
2.428134794028788956410380706074647605419159 -9.979205087756936216891734403588998247869313
2.431363764158987361696517837117426097393036 -9.992121072387417089408212511614237882895395
2.434568904034198677521771969622932374477386 -10.00494173721300176713167040531970997108147
2.437750562820387933982146932976320385932922 -10.01766846906243500596456197371253438177519
2.440909082065217727830486182938329875469208 -10.03030264765237454180346610144169972045347
2.444044795918076218299574975389987230300903 -10.04284555408244092832015237348741720779799
2.447158031342219430825934978201985359191895 -10.05529863774810585101693316545379275339656
2.450249108319360935581698868190869688987732 -10.06766302956525448511482245805837010266259
2.453318340047037526829853959497995674610138 -10.07994004136492626703264230414447411021683
2.456366033129043113802936204592697322368622 -10.09213095487114440935993986414587197941728
2.459392487759231027411033210228197276592255 -10.10423681760357028907443277532252068340313
2.462397997898956081286314656608738005161285 -10.11625894017329047210040915416584539343603
2.465382851448418399797901656711474061012268 -10.12819847287196655272883960563490290951449
2.468347330412157258905381240765564143657684 -10.14005643660957355512569622035812244575936
2.471291711058938744827173650264739990234375 -10.15183403178478177292937134623684869438875
2.474216264076255278325788822257891297340393 -10.16353231589636700940570968043630273314193
2.477121254719662601928575895726680755615234 -10.17515238880414467446261506111682137998287
2.480006942957150517514719467726536095142365 -10.18669512805925814625390701806395554740448
2.482873583608753875751062878407537937164307 -10.19816187467002859944747994447311612020712
2.485721426481580120793068999773822724819183 -10.20955327809839036177358417845084659347776
2.488550716500444348611154055106453597545624 -10.22087049026410778343465501905029668705538
2.491361693834272639236360191716812551021576 -10.23211452884977669224031426864485183614306
2.494154594018442860914319680887274444103241 -10.24328613977222312420023442314231942873448
2.496929648073214824677279466413892805576324 -10.25438647927200956373045004355049059086014
2.499687082618403888290004033478908240795135 -10.26541621290895110567287229486055366578512
2.502427119984432568600141166825778782367706 -10.27637639118188073866777543230455194134265
2.505149978319905823553881418774835765361786 -10.2872679380978290482676063000155863846885
2.507855871695830796141990504111163318157196 -10.29809157165167886847922940063426722190343
2.510545010206612026593120390316471457481384 -10.3088481852490301974092923309456182323629
2.513217600067938928276589649613015353679657 -10.31953861587865788410067757752131001325324
2.515873843711679214152354688849300146102905 -10.33016365605206488605810610792445913830306
2.518513939877887519713794972631148993968964 -10.34072413554169217117517654003222560277209
2.521138083704036247922886104788631200790405 -10.35122072091037881934327824495767345069908
2.523746466811564559407088381703943014144897 -10.36165431895049507220185613931562329526059
2.526339277389844095722537531401030719280243 -10.3720254404155137759394045282590468559647
2.528916700277654694417606151546351611614227 -10.38233534766956652796443538733228706405498
2.531478917042254916935917208320461213588715 -10.39258426189962633730268226628368211095221
2.534026106056134874933150058495812118053436 -10.40277360026284407448077251601148418558296
2.536558442571529958797782455803826451301575 -10.41290249620583926223188475645997641549911
2.539076098792776736701171103050000965595245 -10.42297319328909199157712217598259485384915
2.541579243946580746182917209807783365249634 -10.4329857286300077042623390966014085279312
2.544068044350275670240080216899514198303223 -10.44294099418664960830793742019295677891932
2.546542663478131185428310345741920173168182 -10.45283955264303246517065826282077978248708
2.549003262025787641675833583576604723930359 -10.46268199188753758935299664756257698172703
2.551449997972875305407569612725637853145599 -10.47246901907194229202485713514647613919806
2.553883026643874565309033641824498772621155 -10.48220115350091588557468469389277743175626
2.556302500767287266825178448925726115703583 -10.49187905569942886978285212506989410030656
2.55870857053316580476121089304797351360321 -10.50150336538029875559085990488483730587177
2.561101383649055929225824002060107886791229 -10.51107464540860702943703142153708540718071
2.563481085394410552424915294977836310863495 -10.52059361587377365153395114560908041312359
2.565847818673517632959146794746629893779755 -10.53006052052202633044497570580233514192514
2.568201724066994984241318888962268829345703 -10.53947628437919635871478085675789770903066
2.570542939881897304132962744915857911109924 -10.54884106344516027202462549183792361873202
2.572871602200480278810346135287545621395111 -10.55815573421768434943940340176027348206844
2.575187844927660840710359479999169707298279 -10.56742078350313780287644815913949969399255
2.57749179983722553899383456155192106962204 -10.57663670332936457774142269272488192655146
2.579783596616810115165208117105066776275635 -10.58580392154878440248017001934499603521544
2.582063362911708903624230515561066567897797 -10.59492285932827973331249449273627760703675
2.584331224367530932539693822036497294902802 -10.60399449073845011808775451456199334643316
2.586587304671755127571941557107493281364441 -10.61301855309120886067253408668875636067241
2.588831725594207266993862504023127257823944 -10.62199675253795705213988309623118766467087
2.591064607026499100328464919584803283214569 -10.63092810497205327469050217814583447761834
2.593286067020457164034041852573864161968231 -10.63981399500924043648175665310873228008859
2.595496221825574156838456474361009895801544 -10.64865468299065449052365206483727888553403
2.597695185925512184610397525830194354057312 -10.65745043116588575138337091630091890692711
2.599883072073687628744664834812283515930176 -10.66620188397896095734707078150904635549523
2.602059991327962507057236507534980773925781 -10.67491014517900637173508648913866636576131
2.604226053084469860721128497971221804618835 -10.68357398263420415286673037513764938921668
2.606381365110605141666155759594403207302094 -10.69219550641233189292034211348436656408012
2.608526033577194258583631381043232977390289 -10.70077417554447154861285707028173419530503
2.61066016308988002592172961158212274312973 -10.70931051788968996207884742943861056119204
2.612783856719735453566499927546828985214233 -10.7178054184449148616628533225991759536555
2.614897216033134519364011794095858931541443 -10.72625880456677481458033218686409782094415
2.617000341120899076230443824897520244121552 -10.73467150007544490195043884739334316691384
2.619093330626742766042980292695574462413788 -10.74304350134132287307442421564473988837563
2.621176281775035032950427194009535014629364 -10.75137531404770859389669057648575289931614
2.623249290397900335136682770098559558391571 -10.75966725231397312818881761842249034089036
2.625312450961673871319135287194512784481049 -10.76791990656064443038913980288384664163459
2.627365856592732473728801778634078800678253 -10.77613373298791640819693782304966589435935
2.629409599102718875229811601457186043262482 -10.78430848860144642548108961932484817225486
2.6314437690131722291653204592876136302948 -10.79244542963468371336854811914918172988109
2.63346845557958664230113754456397145986557 -10.80054402804044222114604467677168031514157
2.635483746814911931721781002124771475791931 -10.80860535171671024667894300819170894101262
2.63748972951251081653367691615130752325058 -10.81662929701172583697027507199095452961046
2.639486489268585867051797322346828877925873 -10.82461640450084436066574555823649461672176
2.641474110504099304108649448608048260211945 -10.8325668834317686431770177968303414672846
2.64345267648618742484245558443944901227951 -10.84048098554792187442341599989958922378719
2.645422269349091859425016082241199910640717 -10.84835943893187950801126895328252430772409
2.647382970114619649137921442161314189434052 -10.85620206942869453870664786521160749543924
2.649334858712141915759730181889608502388 -10.86400992545024390446839479551499607623555
2.65127801399814400085119814320933073759079 -10.87178245156516777098626436171002751507331
2.653212513775343506239323687623254954814911 -10.87952029045207414260226785884810851712245
2.655138434811382008859936831868253648281097 -10.88722433906069294532598101810094703978393
2.657055852857103772635127825196832418441772 -10.89489396850042588968388024284195125801489
2.65896484266443522415102052036672830581665 -10.90253021851349950113035935927996433747467
2.660865478003869188938779188902117311954498 -10.91013226464672734080524341138129784667399
2.66275783168157431646250188350677490234375 -10.91770193740314980664768418350263345928397
2.664641975556125697011111697065643966197968 -10.92523871803090375169620340756182486074977
2.666517980554880651311577821616083383560181 -10.9327428104190200550821510105947709234897
2.668385916690000136952676257351413369178772 -10.94021417685686334026612387404497894749511
2.670245853074124209314277322846464812755585 -10.94765415779274782877988902995980424748268
2.672097857935717524213714568759314715862274 -10.95506202947862452786592646347685331420507
2.673941998634087990893704045447520911693573 -10.96243866264841383597467006083547857997473
2.675778341674085236689961675438098609447479 -10.96978413716084319040611205764434998854995
2.677606952720493094233233932754956185817719 -10.97709859785230119329918485604480338224676
2.679427896612118775721000929479487240314484 -10.98438224786093455904306681603088691190351
2.68124123737558717195383906073402613401413 -10.99163565972350656372441557451224980468396
2.683047038238849602009850059403106570243835 -10.99885874156638580854267184250261379929725
2.68484536164441234262767466134391725063324 -11.00605221919122239139510188721260419697501
2.686636269262293374993078032275661826133728 -11.01321583783403523434940574077245400985703
2.688419822002710457553575906786136329174042 -11.020350363210426397446439761296232973109
2.690196080028513847537396941334009170532227 -11.02745517118173649781520673229806561721489
2.691965102767360562552312330808490514755249 -11.03453107028051385311157028823458858823869
2.693726948923647057654306991025805473327637 -11.04157868276633112144397008691498740518
2.695481676490197653350833206786774098873138 -11.04859757126461205188616698791292947134934
2.697229342759717596322843746747821569442749 -11.05558834795621590482705975944099918706343
2.698970004336018746471381746232509613037109 -11.06255063232664533328514222532135136134457
2.700703717145019222556356908171437680721283 -11.06948597852426502755052162285664962837473
2.702430536445525444122495173360221087932587 -11.0763930104354736579097551185668635298498
2.704150516839799234247720960411243140697479 -11.08327309550265030169136082349723437801003
2.705863712283919308987378826714120805263519 -11.09012555876460953858952951378569196094759
2.707570176097936265335874850279651582241058 -11.09695187059723717453579849845368698879611
2.709269960975830837668354433844797313213348 -11.10375094304838646669386648113686533179134
2.710963118995275866751626381301321089267731 -11.11052407233326943646750661898181533615571
2.712649701627211307197740097763016819953918 -11.11726991475114055454159744940056953055318
2.714329759745233161538635613396763801574707 -11.12399018865097277512787865560994760016911
2.716003343634799005457125531393103301525116 -11.13068453881832386813399704550420210580342
2.717670503002262094582874851766973733901978 -11.13735320505711535749721052823701938905288
2.719331286983726503336811219924129545688629 -11.14399656883447730509884010530186060350388
2.72098574415373928303552020224742591381073 -11.15061381628815745555016736290099288453348
2.722633922533812089739058137638494372367859 -11.15720689467437209529271369135017266671639
2.724275869600789157232156867394223809242249 -11.16377441410360160829740028276546581764705
2.725911632295048292462524841539561748504639 -11.1703179244845420626033871691618060140172
2.727541257028556209718317404622212052345276 -11.17683637407832071986729660650894402351696
2.72916478969277020993899895984213799238205 -11.1833300297670439754638138651898771058768
2.730782275666389313784065961954183876514435 -11.18980057019815080483760016960559369181283
2.732393759822968615225136090884916484355927 -11.19624598792992537128754282349518689443357
2.733999286538387085698786904686130583286285 -11.20266805011784390973955671810813328193035
2.735598899698179931050390223390422761440277 -11.20906694390263003829888432960615318734199
2.737192642704737277625781644019298255443573 -11.2154423672923704430326452552435512188822
2.738780558484369187510765186743810772895813 -11.22179354617114626670171251276997281820513
2.740362689494243664256600823136977851390839 -11.22812217686932955221235097553744708420709
2.741939077729198981359104436705820262432098 -11.2344274131627059653062983279880882037105
2.743509764728429889402150365640409290790558 -11.24071060915080255519782337358947188477032
2.745074791582057471828193229157477617263794 -11.24697064059423411326588126968317737919278
2.746634198937578652532920386875048279762268 -11.25320859642059260347091154130794166121632
2.748188027006200240265343381906859576702118 -11.25942341332820378213552814372633292805403
2.749736315569061062547007168177515268325806 -11.26561638689824541587763961913992716290522
2.751279103983342189110317121958360075950623 -11.27178848941348046717308983843963687832002
2.752816431188271462104921738500706851482391 -11.27793752944292917424901068201847920136061
2.754348335711018780358472213265486061573029 -11.28406429921899712266047943742819370527286
2.755874855672491463565165759064257144927979 -11.29017134828680916577847703763382014585659
2.757396028793024367331554458360187709331512 -11.29625568080891621046413231255201026215218
2.758911892397973630863816651981323957443237 -11.30231853081459078048942590299930088804103
2.760422483423211836850441613933071494102478 -11.3083609718719208300091727537051156105008
2.761927838420529024432426012936048209667206 -11.31438223138921573499710016008634738682304
2.763427993562937334814932910376228392124176 -11.32038261090338449477848969948468038637657
2.764922984649888615393820145982317626476288 -11.32636309220789625883812901108171899977606
2.766412847112399653326519910478964447975159 -11.33232338879288275679257935735222417861223
2.767897616018090811706997556029818952083588 -11.33826200908746818264705158441074672737159
2.769377326076138512433999494533054530620575 -11.34418034432362179346476249719444240326993
2.770852011642144230307849284145049750804901 -11.35008026401390760287690717689201846951619
2.772321706722919998355791904032230377197266 -11.35595857640205027811602933596191178367008
2.773786444981193533010355167789384722709656 -11.36181756573269355497374233365803775086533
2.775246259740236531854407076025381684303284 -11.36765642172157643290109074740712458151393
2.776701183988410814862390907364897429943085 -11.3734766436739810624434454666698002256453
2.778151250383643411367984299431554973125458 -11.37927677276660432675869927265921432990581
2.779596491257824375509244418935850262641907 -11.38505700057254385691024589633002506161574
2.781036938621131771043337721494026482105255 -11.39081928171737039152955350829188319039531
2.78247262416628604597690355149097740650177 -11.39656215776262948927155527201193763175979
2.783903579272735129279681132175028324127197 -11.40228622092348934827926720814161853922997
2.785329835010767141056930995546281337738037 -11.40799145714089608306951451055510915466584
2.786751422145561374321687253541313111782074 -11.41367758240775900045738122656757695949636
2.788168371141167778404224009136669337749481 -11.41934637388642240739267119664646088494919
2.789580712164425602139772308873943984508514 -11.42499412487524291463097947385563202260528
2.790988475088815867763969436055049300193787 -11.43062521791512438102539350737174572714139
2.792391689498253892764978445484302937984467 -11.43623971126347698811648312400279792200308
2.793790384690818751067808989319019019603729 -11.44183313963434014959297257973958039656281
2.795184589682424114442937934654764831066132 -11.44740951847923086936997805196369881741703
2.796574333210429585960810072720050811767578 -11.45296893796188541624764267723435295920353
2.797959643737196078205897720181383192539215 -11.4585101032244049143807296253783079009736
2.799340549453581683536640412057749927043915 -11.46403367154263537239233805564708745805547
2.800717078282385141818622287246398627758026 -11.46953882521547999837063791517266508890316
2.802089257881732464738888666033744812011719 -11.47502938937035444656731275614447440602817
2.803457115648413822128759420593269169330597 -11.48050028967206895313957204507460119202733
2.804820678721162252600151987280696630477905 -11.48595407914993937661257694671235185523983
2.806179973983887077082499672542326152324677 -11.49139193968378044614225830244436110660899
2.807535028068853133476068251184187829494476 -11.49681258502604153364651251578720803081524
2.808885867359812049670608757878653705120087 -11.50221605442416632734958792383395120850764
2.810232517995084222661716921720653772354126 -11.50760197893142715297454259371079388074577
2.811575005870593280121738644083961844444275 -11.51297270033007879696390629575830644171219
2.812913356642855688960480620153248310089111 -11.51832408923884590139230521543822760577314
2.814247595731920181805207903380505740642548 -11.52366191721872634105144905802831090113614
2.815577748324267215451754964306019246578217 -11.52898205207554932234109701383317769796122
2.816903839375660467680972942616790533065796 -11.53428691772958006658833518542905949288979
2.818225893613955701511031293193809688091278 -11.53957365388848512171432458828235212422442
2.819543935541868773242413226398639380931854 -11.54484823428716337885557852160900438320823
2.820857989439700119760345842223614454269409 -11.55010401790188849860396835822484717937186
2.822168079368017501451504358556121587753296 -11.55534427868690117591904398253177532751579
2.823474229170300997537879084120504558086395 -11.56056778742689538676258198535151677788235
2.824776462475545812935706635471433401107788 -11.5657791190176185217031168406265351222828
2.826074802700826449353144198539666831493378 -11.57097203100614419331998439233188946673181
2.827369273053825349251155785168521106243134 -11.57614937102464799153350716309773815737572
2.828659896535319795418672583764418959617615 -11.58131041558747179997385101657414452347439
2.829946695941635947946224405313841998577118 -11.58645891887389909376965269061088292801287
2.831229693867063357259894473827444016933441 -11.59159172300525445387792133900006774638314
2.832508912706236170464535462087951600551605 -11.59670596888743871778759686463899925001897
2.833784374656478810550197522388771176338196 -11.60180928379602636156542327938723246916197
2.835056101720116128461768312263302505016327 -11.60689636830506668400964098708527671988122
2.836324115706751580745503815705887973308563 -11.61196961202230366894116997400487889535725
2.837588438235511212326400709571316838264465 -11.61702752436900674352232565311737744195852
2.838849090737255220773249675403349101543427 -11.6220688029507615793983754670648522733245
2.840106094456757990229789356817491352558136 -11.62709567868885964393027565577654058870394
2.841359470454854818655121562187559902667999 -11.63210921799663327171059368225769503624178
2.842609239610561999711535463575273752212524 -11.637109945363518275808500934687117478461
2.843855422623160933426333940587937831878662 -11.64209372053830720324801850651397217006888
2.845098040014256923768698470667004585266113 -11.64706410786604331205479345712205940799322
2.846337112129805113625025114743039011955261 -11.65201978724057054696144897221188330149744
2.847572659142111994867718749446794390678406 -11.65696326614165342656220802908251243934501
2.848804701051803611733248544624075293540955 -11.6618900105702772785135068467354813037673
2.85003325768976889520445183734409511089325 -11.66680509267028759742140797683873643109109
2.851258348719075463861827302025631070137024 -11.67170592163155920691075539963321716641076
2.85247999363685655893618786649312824010849 -11.67659041044838464599303629043447472213302
2.853698211776174442633191574714146554470062 -11.68146634736455277258498908210526678885799
2.854913022307855374748442045529372990131378 -11.68632389596816055499228781400233856402338
2.856124444242300164376047177938744425773621 -11.69117041291738377187942043988755358441267
2.857332496431268520353796702693216502666473 -11.69600357607346564035866176567424190579914
2.858537197569638976801797980442643165588379 -11.70082062108438037458663094625421763339546
2.859738566197147058289829146815463900566101 -11.70562656796921814465750610878558291005902
2.860936620700093691027632303303107619285583 -11.71041693879124840054622991303290291398298
2.86213137931303718275444225582759827375412 -11.7151967512361091993886019757553640374681
2.863322860120455892740665149176493287086487 -11.71996197361728571113143049231553050049115
2.864511081058391805953533548745326697826385 -11.72471800455932208068210442775125557091087
2.86569605991607057049463946896139532327652 -11.72945481480662636205453130955334017926361
2.866877814337498886487765048514120280742645 -11.73418260473861411598978099490864224208053
2.868056361823041466863060122705064713954926 -11.7388988535413881777666467165488484170055
2.869231719730976237769937142729759216308594 -11.74360070905188380922107294068723604141269
2.870403905279026890440263741766102612018585 -11.74828755798703483568395933289707500080112
2.871572935545878557661580998683348298072815 -11.75296232410343051470735797892075424897484
2.87273882747266862125457009824458509683609 -11.75762583894922549011125001428013092663605
2.873901597864461532338964389055036008358002 -11.76227942121549125114449152462725578516256
2.875061263391700094871339388191699981689453 -11.76691521073164738587363276067776496347506
2.876217840591642094238977733766660094261169 -11.7715443903819170232485924465493098978186
2.877371345869773833214821934234350919723511 -11.77615504629690417175841288255355721048545
2.878521795501206348433242965256795287132263 -11.78075722067035106203208849606767216755543
2.879669205632053419208205014001578092575073 -11.78534919529815426248592347135968338989187
2.880813592280791368693826370872557163238525 -11.78992576563508853492584504962792379956227
2.881954971339600657387336468673311173915863 -11.79449243295186559258441727493504913582001
2.88309335857568971306363891926594078540802 -11.79904753688480382838033033721103493007831
2.884228769632604105765949498163536190986633 -11.80358705338948637451890188998504527262412
2.885361220031512186068312075803987681865692 -11.80811676255143112621720513644163474964444
2.886490725172481841553917547571472823619843 -11.81263478158933652104045641806351341074333
2.887617300335735937011349960812367498874664 -11.81713879071602538942814542011205958260689
2.888740960682892655597697739722207188606262 -11.82163628640982888304278297653127083322033
2.889861721258188520522480757790617644786835 -11.82611868543632482365934865953249754966237
2.89097959698968898223370160849299281835556 -11.83058917217242621625072906965669972123578
2.89209460269048035385708317335229367017746 -11.83505175515139810384079854799210806959309
2.893206753059847979869800838059745728969574 -11.83950014435390747126464194849404520937242
2.894316062684438417562660106341354548931122 -11.84393319284247604334520120872298321046401
2.895422546039407851736768861883319914340973 -11.848362839532896313536614041339589675772
2.896526217489555410367074728128500282764435 -11.85277542677208049634596243038231477839872
2.897627091290441381232767525943927466869354 -11.85718260501727972129615285012960157473572
2.898725181589493438139015779597684741020203 -11.86156926482525479638052701147898915223777
2.899820502427096435837938770418986678123474 -11.86595403181413320350262585733958076161798
2.900913067737668882273283088579773902893066 -11.87032584447048393257173604098397845518775
2.902002891350729640862482483498752117156982 -11.87468431456868925809311487995501011027955
2.903089986991943760585854761302471160888672 -11.87903136851711312620832883268917612440418
2.904174368284163421094490331597626209259033 -11.88336931191663768236227438634955433371942
2.905256048748451114249746751738712191581726 -11.8876963739508844340730941979700219235383
2.906335041805090835254077319405041635036469 -11.89201274318768383579658642901222265209071
2.907411360774585951105564163299277424812317 -11.89632118644342131247304550356602703686804
2.908485018878649519535883882781490683555603 -11.90061264395318119720806882000374571362045
2.909556029241175068023039784748107194900513 -11.90489839708085383334495999108071373484563
2.910624404889201155555156219634227454662323 -11.90916627615244784837988945014330965932459
2.911690158753861279450347865349613130092621 -11.91343006414690384748428231276307087682653
2.912753303671323124035552609711885452270508 -11.91768263804461121940780898853518010582775
2.913813852383716707095118181314319372177124 -11.92192470529817027204144697094534421921708
2.914871817540050535910722828703001141548157 -11.92616046855317844029714668963038093352225
2.915927211697115772892630047863349318504333 -11.93038110870585323877723915586557268397883
2.916980047320382407605166008579544723033905 -11.93459039118105544530906714228990495030303
2.918030336784880329759062078665010631084442 -11.93879416401596699984916094550158049969468
2.919078092376073740865649597253650426864624 -11.94298505179872464838919388085969330859371
2.920123326290724019571598546463064849376678 -11.94716982651703728653819203131547510565724
2.921166050637738820228150871116667985916138 -11.9513351597246664055271270221680879330961
2.922206277439016286479045447777025401592255 -11.95549760499607293458279588804771265131421
2.923244018630276386261357401963323354721069 -11.95965278545919648761630682543000148143619
2.924279286061881588665301023866049945354462 -11.96378988016508050293285059240133705316111
2.925312091499649547188255382934585213661194 -11.96791826122025711315322027417096251156181
2.926342446625655124847753540962003171443939 -11.97203924075830555780186603698211911250837
2.927370363039023537510274763917550444602966 -11.97615655204293454248049011212629011424724
2.928395852256713727257420032401569187641144 -11.98025594563232250778367360410925357427914
2.929418925714292853967890550848096609115601 -11.98435061636153097300305780947837774874642
2.930439594766700128758429855224676430225372 -11.98842878073337716530316621188489989435766
2.931457870689004874265037869918160140514374 -11.99250413430642326403224862119145655015018
2.932473764677153038604728862992487847805023 -11.9965655349185296068073580677548761741491
2.933487287848705271642302250256761908531189 -12.00062453241892005805641074900336207065266
2.934498451243567895829755798331461846828461 -12.00466161311996453331385481533288839273155
2.935507265824712774815452576149255037307739 -12.00870467434050195901229507455809653038159
2.936513742478893185250399255892261862754822 -12.01272889813748344107341425868185069703031
2.937517892017346810007438762113451957702637 -12.01674602883711445895642544456904943217523
2.93851972517649207006229516991879791021347 -12.02075295001842194283353526529367627517786
2.93951925261861868321489055233541876077652 -12.02475406394518921138203637610786245204508
2.940516484932567120580415576114319264888763 -12.02873628654218952568899503319244104204699
2.941511432634403178099091746844351291656494 -12.0327150992254482148730021506821685761679
2.942504106168080557637267702375538647174835 -12.03669017086970148208702191539032355649397
2.943494515906102559910095806117169559001923 -12.04065583725518551096861363802759115060326
2.944482672150168678371073838206939399242401 -12.04460670140668695441560354097987328714225
2.945468585131819860833957136492244899272919 -12.04854586614311836266499877723390454775654
2.946452265013073112953634336008690297603607 -12.05247687779624963643615442876466659072321
2.947433721887050772636484907707199454307556 -12.05641001602827156510139294809391685703304
2.948412965778600902666539695928804576396942 -12.06032082801924677512711570059877885796595
2.949390006644912798350333105190657079219818 -12.06422896143525308205318724574794941872824
2.950364854376123169288348435657098889350891 -12.06813005614411087214332685135786960017867
2.951337518795917880254364717984572052955627 -12.07201987701405736241877519887566450051963
2.95230800966212525437981639697682112455368 -12.07590458624198457085463509486089606070891
2.953276336667304491356844664551317691802979 -12.07977337540347773526400176891115734179039
2.954242509439324759767941941390745341777802 -12.08363731888187262656503273561270361824427
2.955206537541941624880337258218787610530853 -12.08749603322582174928789822132557674194686
2.956168430475363262388555085635744035243988 -12.0913398873420961038629983796965916553745
2.957128197676813119443295363453216850757599 -12.09518248032027867670812337763663890655152
2.958085848521085026163746078964322805404663 -12.09901194027499614705445374340797570766881
2.959041392321093422168587494525127112865448 -12.1028363246946266754133780807478615315631
2.959994838328416033590428924071602523326874 -12.10666139718071727341547338951954770891462
2.960946195733831665108937158947810530662537 -12.11045432705951723374032669156008523714263
2.961895473667850442467397442669607698917389 -12.11424857580190824531823912124650632904377
2.96284268120124227863243504543788731098175 -12.11804141329298360393873501550388027681038
2.963787827345555125901910287211649119853973 -12.12182066561366579858505243549871011055075
2.964730921053629231209924910217523574829102 -12.12560001931497897717515677129540563328192
2.965671971220106506450520100770518183708191 -12.12935483184311943535838018703998386627063
2.966610986681934569730856310343369841575623 -12.13311526474298175388294440679715080477763
2.967547976218861904840196075383573770523071 -12.13686324074763090916095897853210772154853
2.96848294855393524116493608744349330663681 -12.14060563541273761803407360559958760859445
2.969415912353981390481294511118903756141663 -12.14433420874961221287702262117136342567392
2.970346876230093524640096802613697946071625 -12.14805752547141288934934300058898770657834
2.971275848738105018753685726551339030265808 -12.15177330148263539193881355160442581109237
2.972202838379064626650460922974161803722382 -12.15548241232940549026025900403169544006232
2.973127853599698777742332822526805102825165 -12.15918169370180614528853535460939383483492
2.974050902792877426605855362140573561191559 -12.16287801867273629403271018034615735814441
2.974971994298068800333112449152395129203796 -12.16656564997303947069789975543585569539573
2.97589113640179281361497487523593008518219 -12.17023998263705262135730977846037603740115
2.976808337338066046129370079142972826957703 -12.17390061927476790307883769415298047533724
2.977723605288847608107971609570086002349854 -12.17756714321561924922049380271005247777794
2.978636948384474347761852186522446572780609 -12.18122693344059959651148883352789198397659
2.979548374704095170528717062552459537982941 -12.18486391473118325614460877304168207047042
2.980457892276100029249619183246977627277374 -12.18850944376607241259602432137398864142597
2.981365509078544473453575847088359296321869 -12.19212881255017878572022294036969469743781
2.98227123303956842548245731450151652097702 -12.19575554076558889047415812356689457374159
2.983175072037813180259036016650497913360596 -12.199368916918273807875605641015681612771
2.984077033902830855538468313170596957206726 -12.2029766156008962589563093814604144426994
2.98497712641549339807056639983784407377243 -12.20658687885124225012967169590183402760886
2.98587535730839359615629291511140763759613 -12.21017751612949965665105844792037714796606
2.986771734266244759936625996488146483898163 -12.21376296064110607546976394743865057535004
2.987666264926274628521696286043152213096619 -12.21734384442285240371384169577595457667485
2.988558956878615724406245135469362139701843 -12.2209111928218443999735742799828130955575
2.989449817666691711082194160553626716136932 -12.22447595151768909120526540590390141005628
2.990338854787601530205165545339696109294891 -12.22802539482619591394013669471974026237149
2.991226075692495101066015195101499557495117 -12.2315771200789240322551187922783810790861
2.992111487786949908240785589441657066345215 -12.23511573184190243286650900955692122806795
2.992995098431341371991720734513364732265472 -12.2386502117172349859280933159766391327139
2.99387691494121099822223186492919921875 -12.24218564837420607227524982363320305012167
2.994756944587628311182925244793295860290527 -12.24570632406005043450042402142230457684491
2.995635194597549677553161018295213580131531 -12.24921582025551983902156294448104745242745
2.996511672154178462790241610491648316383362 -12.25271624265439575872382871324361985898577
2.997386384397313197069934176397509872913361 -12.25621045160821593993094591468206999707036
2.99825933842369884985146200051531195640564 -12.25970328944247122147925832535975132486783
2.999130541287370999015138295362703502178192 -12.26319328558753600846853437644767836900428
3 -12.26666839625351572082290196874510002089664
