1 -2.084166021661417355498313597195192414801568
1.041392685158224917785219076904468238353729 -2.167075723061894114819872503296949162177043
1.079181246047624886941207478230353444814682 -2.242747364608406526092013177908768284396501
1.113943352306836720444493948889430612325668 -2.3123451093161349087327927076529476835276
1.14612803567823795525271179940318688750267 -2.376772805158300094514195466288697389245499
1.176091259055681348399957641959190368652344 -2.436746298256132119879405206752664980740519
1.204119982655924792069868090038653463125229 -2.492842242400907839302431900918577412085142
1.230448921378273885451903879584278911352158 -2.545532020370204800497129782321792390575865
1.255272505103306013296560195158235728740692 -2.595205917419828301395332004197769038000843
1.278753600952828861636589863337576389312744 -2.642190727991640443851964481503102888382273
1.301029995663981253528618253767490386962891 -2.686762827309796293397819999526632273045834
1.322219294733919303652669441362377256155014 -2.729158041754016677258101730707551269006217
1.34242268082220617131383733067195862531662 -2.769579215335725503677535841440260355739156
1.361727836017592840889278704707976430654526 -2.808202089115520035415493604880055045214249
1.380211241711605918425220806966535747051239 -2.845179925872418991075057936868120123108383
1.397940008672037714987368417496327310800552 -2.880647188334786367499423809235281623841729
1.414973347970817973973112202656920999288559 -2.914722494345087340115660334838310063787503
1.431363764158987361696517837117426097393036 -2.947511013132583956647056466771061877807369
1.447158031342219208781330053170677274465561 -2.979106424950626363359548753884098459820962
1.462397997898956081286314656608738005161285 -3.009592536223630443404861156686536105553387
1.477121254719662379883970970695372670888901 -3.039044620425837953158268445186251938139321
1.491361693834272639236360191716812551021576 -3.067530538759038501520071129391453723656014
1.50514997831990604559848634380614385008812 -3.095111682653836778465750168010117704397999
1.518513939877887519713794972631148993968964 -3.121843771048227256844492805143431723990943
1.531478917042255138980522133351769298315048 -3.147777528498516431921736002941258902865229
1.544068044350275670240080216899514198303223 -3.172959264880094432375451374284125449776184
1.556302500767287266825178448925726115703583 -3.197431373336171790992474295300951325771166
1.568201724066994984241318888962268829345703 -3.221232759932460503306608790019538446358638
1.579783596616810115165208117105066776275635 -3.244399215959104008184452072605097328050761
1.591064607026499100328464919584803283214569 -3.266963741830155188144296785068831923126709
1.602059991327962507057236507534980773925781 -3.288956829940594120062491434453022520756349
1.612783856719735453566499927546828985214233 -3.310406712569492956909147918231894891505362
1.623249290397900557181287695129867643117905 -3.33133957988751222014343900124089259406901
1.63346845557958664230113754456397145986557 -3.351779772293985484735504010167517208174104
1.64345267648618742484245558443944901227951 -3.371749950627775952328307740302193451498169
1.653212513775343728283928612654563039541245 -3.391271247238255119376901247640887504530838
1.662757831681574094417896958475466817617416 -3.410363400442124007889629910827977710141568
1.672097857935717524213714568759314715862274 -3.429044874512260354703155340594378230889561
1.68124123737558717195383906073402613401413 -3.447332967027178734489498146409403034340357
1.690196080028513625492792016302701085805893 -3.465243905146267476558019637877805507741868
1.698970004336018746471381746232509613037109 -3.482792932153861146420473215989943582826527
1.707570176097936265335874850279651582241058 -3.49999438542948242397007119208751646510791
1.716003343634799005457125531393103301525116 -3.516861766843700462395819195116075661644572
1.724275869600789157232156867394223809242249 -3.533407806445608330793775597733485938078957
1.732393759822968615225136090884916484355927 -3.549644520195126685133471533539761821884895
1.740362689494243886301205748168285936117172 -3.565583262396198091070259605928072232927661
1.748188027006200462309948306938167661428452 -3.581234773403094151077857842935259213845711
1.755874855672491463565165759064257144927979 -3.596609223103904280074635813058137046027696
1.763427993562937334814932910376228392124176 -3.611716250620331261200063321936681859369855
1.770852011642144230307849284145049750804901 -3.626565000613073935569960482006024449219694
1.778151250383643633412589224462863057851791 -3.641164156534955062289454774671071390912402
1.785329835010767141056930995546281337738037 -3.655521971134643603945982293090821713121841
1.792391689498253892764978445484302937984467 -3.669646294479621724711482233516335327294655
1.799340549453581683536640412057749927043915 -3.68354459973578881822921238242685149089084
1.806179973983887077082499672542326152324677 -3.697224006917429705871419587381865312636364
1.812913356642855466915875695121940225362778 -3.710691304794396600842676381404316998668946
1.819543935541868773242413226398639380931854 -3.723952971126943360365493806973802293214248
1.826074802700826449353144198539666831493378 -3.737015191378522966075131916952045685320627
1.832508912706236392509140387119259685277939 -3.749883876041813558039825227119479222892551
1.838849090737255220773249675403349101543427 -3.762564676699978571299334828559324250818463
1.845098040014256923768698470667004585266113 -3.775063000931589532720850099778431285812985
1.85125834871907524181722237699432298541069 -3.78738402615875091833212706671218938936363
1.857332496431268520353796702693216502666473 -3.799532712525774244246082322895574634458171
1.863322860120455892740665149176493287086487 -3.811513814890328668638988518502230817830423
1.869231719730976237769937142729759216308594 -3.823331893997917283519599740415628730261233
1.875061263391700094871339388191699981689453 -3.834991326906125658083648866103487762302393
1.880813592280791368693826370872557163238525 -3.846496316718782463835515916805718461546348
1.886490725172481841553917547571472823619843 -3.857850901684176586582328272179154282639502
1.89209460269048035385708317335229367017746 -3.869058963704245099812437103103945901239058
1.897627091290441381232767525943927466869354 -3.880124236304274018853274763607430486445082
1.903089986991943538541249836271163076162338 -3.891050312098894660862297145698107669886667
1.908485018878649741580488807812798768281937 -3.901840649795801087198338086281523828802165
1.913813852383716707095118181314319372177124 -3.912498580768603179905890110390487279801164
1.919078092376073962910254522284958511590958 -3.923027315232565343829096438099668375798501
1.924279286061881588665301023866049945354462 -3.933429948048811757152151691308006320468849
1.929418925714292853967890550848096609115601 -3.943709464186336109562183716015226764284307
1.934498451243567673785150873300153762102127 -3.95386874386388749999868275075698420550907
1.939519252618618461170285627304110676050186 -3.963910567394748195747117280873794697981793
1.944482672150168678371073838206939399242401 -3.973837619754661288360222948234934392530704
1.949390006644912798350333105190657079219818 -3.983652494891446011479954614209475494135404
1.954242509439324759767941941390745341777802 -3.993357699794078143106304534803996375558199
1.959041392321093644213192419556435197591782 -4.002955658336634746450460875522026071848813
1.963787827345555125901910287211649119853973 -4.012448714912350731468665410162088846846018
1.96848294855393524116493608744349330663681 -4.021839137871241242130904147700221074046567
1.973127853599698555697727897495497018098831 -4.031129122773443058686676510049551325209904
1.977723605288847830152576534601394087076187 -4.040320795471082909646604042208650753309485
1.98227123303956842548245731450151652097702 -4.049416215028085107470456893707932977122255
1.986771734266244759936625996488146483898163 -4.058417376489418964147920521057244513940532
1.991226075692494879021410270070191472768784 -4.067326213506748727385953223745218565454707
1.995635194597549899597765943326521664857864 -4.076144600833730707520330405202457768609747
2 -4.084874356692341765707326972645319074217696
2.004321373782642634608919252059422433376312 -4.093517245024158518647283688807192447711714
2.008600171761917518864493104047141969203949 -4.102074977629206832367703139397008271771483
2.012837224705172012306775286560878157615662 -4.110549216201526599723248267537201172672212
2.017033339298780258985743785160593688488007 -4.118941574265449782812215095972874223662075
2.021189299069938272168656112626194953918457 -4.127253619019804755600061563214353554940317
2.025305865264770410760775121161714196205139 -4.135486873094420617446437260511515887628775
2.029383777685209722108083951752632856369019 -4.14364281622435857077232923550980103755137
2.033423755486949868753754344652406871318817 -4.151722886846344700000760452596182403794955
2.037426497940623804083770664874464273452759 -4.159728483620997790612405786703220655908808
2.041392685158224917785219076904468238353729 -4.16766096688651799034505684993234808644047
2.045322978786657586169894784688949584960938 -4.175521660045473154240780466750493360450491
2.049218022670181493793961635674349963665009 -4.183311850890642620993259415129728040483315
2.053078443483419501802700324333272874355316 -4.191032792870628224338874767695983791782055
2.056904851336472717093784012831747531890869 -4.198685706300764882304560332570986247446854
2.060697840353611809405265375971794128417969 -4.206271779521263215473325658422254491597414
2.064457989226918588343551164143718779087067 -4.213792170002785564871666812436501459160354
2.068185861746161702257040815311484038829803 -4.22124800540840510246209937861294747563079
2.071882007306125483836467537912540137767792 -4.228640384607818458653077930975427989324089
2.075546961392531031265207275282591581344604 -4.235970378648903472782599743950981974194292
2.079181246047624664896602553199045360088348 -4.243239031689583570447488192201035417383537
2.082785370316449835570438153808936476707458 -4.250447361890327423183943977846865891478956
2.086359830674748394585549249313771724700928 -4.257596362270063048045820597309329968993552
2.089905111439398055495075823273509740829468 -4.26468700152747381276752136614049959462136
2.093421685162235146293596699251793324947357 -4.271720224828251669287049185896876224433072
2.096910013008056239414145238697528839111328 -4.278696954561820655314752226416885605431162
2.100370545117562937065258665825240314006805 -4.285618091066642663337221685893041467352305
2.103803720955956801930142319179140031337738 -4.292484513328642068644841467417450076027308
2.107209969647868330611117926309816539287567 -4.299297079649613305581123956500277927261777
2.110589710299248800140503590228036046028137 -4.306056628292624646140579480757537567114923
2.113943352306836942489098873920738697052002 -4.312763978100074392565271841348817360994872
2.117271295655764440368784562451764941215515 -4.319419929088986186051929427875961664540228
2.120573931205850026771031480166129767894745 -4.32602526302486009796358090717660616064677
2.123851640967085785405288334004580974578857 -4.332580743970880174289334041404231356864329
2.127104798364807702881762452307157218456268 -4.33908711881989526308947557886597223841818
2.130333768495006108167899583349935710430145 -4.345545117804241082304361754040655796416104
2.133538908370217423993153715855441987514496 -4.351955454987995496659441974074411518813577
2.136720567156406680453528679208829998970032 -4.358318828740584748287351102291609095118474
2.139879086401236474301867929170839488506317 -4.364635922193621495913939956068361425423063
2.143014800254094964770956721622496843338013 -4.370907403680653354090257511899153541889973
2.146128035678238177297316724434494972229004 -4.377133927162004388509292107656278858485166
2.149219112655379682053080614423379302024841 -4.383316132633407518227192101178957273077685
2.152288344383056273301235705730505287647247 -4.389454646521323491568239427706998867506627
2.155336037465061860274317950825206935405731 -4.395550082063564577544018119326096893928479
2.158362492095249773882414956460706889629364 -4.40160303967683265175675488833917370357085
2.161368002234974827757696402841247618198395 -4.40761410731260461735858680043520507751964
2.164352855784437146269283402943983674049377 -4.41358386079802887365722274815027503791498
2.167317334748176005376762986998073756694794 -4.419512864168317259078860859133897065476049
2.170261715394957491298555396497249603271484 -4.425401669986654938811210246996097339433618
2.173186268412274024797170568490400910377502 -4.431250819652760657672840860499263726524077
2.176091259055681348399957641959190368652344 -4.437060843701334671412145338464938504330348
2.178976947293169263986101213959045708179474 -4.442832262091227466926229849875085164967459
2.181843587944772622222444624640047550201416 -4.448565584484545308661257445592696058156434
2.184691430817598867264450746006332337856293 -4.454261310517569523448333512760655139572918
2.187520720836463095082535801338963210582733 -4.45991993006040135906833943302274292364018
2.190331698170291385707741937949322164058685 -4.465541923470949916934180645711194301838987
2.19312459835446160738570142711978405714035 -4.471127761839493465565592567045882788079325
2.195899652409233571148661212646402418613434 -4.476677907225541536498369943330999376485124
2.198657086954422634761385779711417853832245 -4.482192812886743156931129705711214228358585
2.201397124320451315071522913058288395404816 -4.487672923501773517181157036048944064532407
2.204119982655925014114473015069961547851562 -4.493118675385041559198345817449649075570051
2.206825876031849542613372250343672931194305 -4.498530496695236495161007717058510024799034
2.209515014542630773064502136548981070518494 -4.503908807636589530041387741121639010088984
2.212187604403957674747971395845524966716766 -4.509254020657348354522708788749696395825595
2.214843848047697960623736435081809759140015 -4.514566540635536365071167619333891707356088
2.217483944213906266185176718863658607006073 -4.519846765065891603958131428342426261224318
2.220108088040054994394267851021140813827515 -4.52509508423776716373732043052768858615309
2.222716471147583305878470127936452627182007 -4.530311881408032302544913738628906685335096
2.225309281725862842193919277633540332317352 -4.53549753296863653343959366104343189363135
2.227886704613673440888987897778861224651337 -4.540652408610085102782377708408034777676221
2.230448921378274107496508804615586996078491 -4.545776871479696844540602240769544550857972
2.232996110392154065493741654790937900543213 -4.550871278334830748873995887038290675263852
2.235528446907548705269164202036336064338684 -4.555935979691228287103560434800897382956464
2.238046103128795483172552849282510578632355 -4.560971319969760426858707003106019328697585
2.240549248282599492654298956040292978286743 -4.565977637634825720205911103732887568185106
2.243038048686294416711461963132023811340332 -4.570955265332107900645014497698070954356808
2.245512667814149931899692091974429786205292 -4.575904530020441523044394394048595131607726
2.247973266361806388147215329809114336967468 -4.58082575310188613859629924718319671228528
2.250420002308894051878951358958147466182709 -4.585719250545203170676272774741732973780017
2.252853030979893311780415388057008385658264 -4.59058533300963154174384461825297876202967
2.255272505103306013296560195158235728740692 -4.595424305961197156220748860633307231182698
2.25767857486918455123259263928048312664032 -4.600236469789221448525862179224077408434823
2.260071387985074675697205748292617499828339 -4.60502211991807775199117558351247225800762
2.262451089730429298896297041210345923900604 -4.609781546915015640331070301272120559588075
2.264817823009536379430528540979139506816864 -4.614515036597436394363858092049213155405596
2.267171728403013730712700635194778442382812 -4.619222870134653634050653225884275343560148
2.269512944217916494693554341210983693599701 -4.623905324148535421653616328541147595387883
2.27184160653649902528172788152005523443222 -4.628562670811926224156279685573167625989299
2.274157849263680031270951076294295489788055 -4.633195177941599666397026746622600512637291
2.276461804173244285465216307784430682659149 -4.637803109093145333911151206862655271834228
2.278753600952828861636589863337576389312744 -4.642386723648590866973112634141784837993328
2.281033367247727650095612261793576180934906 -4.646946276905958420500725170043665457342286
2.283301228703549679011075568269006907939911 -4.651482020162950714765870419142856917460449
2.28555730900777387404332330334000289440155 -4.65599420080120579264540414676787349890219
2.287801729930226013465244250255636870861053 -4.660483062367656045040659185119125140772667
2.290034611362517846799846665817312896251678 -4.664948844650216927022745583286678083823062
2.292256071356475910505423598806373775005341 -4.66939178376005154229994031922501562803518
2.294466226161592903309838220593519508838654 -4.673812112201949232892506103098639869131148
2.296665190261530931081779272062703967094421 -4.678210058948529923624620741051671757304575
2.298853076409706819305256431107409298419952 -4.682585849512855972684444161302508291555569
2.301029995663981253528618253767490386962891 -4.686939706015915112734260272731035001925193
2.303196057420489051281720094266347587108612 -4.69127184725592745809241712606763030635193
2.305351369446623888137537505826912820339203 -4.695582488772196790970808732978980515326839
2.307496037913213005055013127275742590427399 -4.699871842911892422332137408957919433305506
2.30963016742589877239311135781463235616684 -4.704140118891474617833503568675723727210425
2.311753861055754200037881673779338598251343 -4.708387522857975433267230247480483740218915
2.313867220369153265835393540328368544578552 -4.712614257948686431135693064575775679259095
2.315970345456917822701825571130029857158661 -4.716820524350470821353664696573559922398999
2.318063334962761512514362038928084075450897 -4.721006519354689884467035643211829665233381
2.320146286111053779421808940242044627666473 -4.725172437414452497085604054660734618664719
2.32221929473391908160806451633106917142868 -4.729318470199215521630742298242466858937405
2.324282455297692617790517033427022397518158 -4.733444806645201751327950434600211337965447
2.32633586092875166428939337492920458316803 -4.737551633009360773762103091755193418066483
2.328379603438737621701193347689695656299591 -4.741639132919559429003852901729487712145783
2.330413773349190975636702205520123243331909 -4.745707487421906789482051181039423681795597
2.332438459915605388772519290796481072902679 -4.749756875032228235853498654606141826661769
2.334453751150930678193162748357281088829041 -4.753787471779456665597896058983451439416967
2.336459733848529563005058662383817136287689 -4.757799451254459373056998616746682273515034
2.338456493604604613523179068579338490962982 -4.761792984653068720908575262029671648633666
2.340444114840118494669241044903174042701721 -4.765768240820841917648048591260590001184028
2.34242268082220617131383733067195862531662 -4.769725386295496828096412977870954819081817
2.344392273685110605896397828473709523677826 -4.773664585348514515991680262629870412638411
2.346352974450638839698513038456439971923828 -4.777586000027300102126898151411182880110573
2.34830486304816066223111192812211811542511 -4.781489790193505672131341066588561261596624
2.350248018334162747322579889441840350627899 -4.785376113563426066048467344415939805912785
2.352182518111362696799915283918380737304688 -4.789245125745496777652787656620603229384869
2.354108439147400755331318578100763261318207 -4.793096980277556591002602326412329603044782
2.356025857193122519106509571429342031478882 -4.796931828665175058783870509770963508344721
2.35793484700045397062240226659923791885376 -4.800749820414128129098668695817764273670036
2.359835482339887935410160935134626924991608 -4.804551103069553637681804447723266093817074
2.361727836017593062933883629739284515380859 -4.808335822244832497875111076979237623163499
2.363611979892144443482493443298153579235077 -4.812104121661093446022522401861465368710924
2.365487984890899841872169417911209166049957 -4.815856143174835370373426668422212060249876
2.367355921026018883424058003583922982215881 -4.819592026813581814737724728914258776057977
2.369215857410142955785659069078974425792694 -4.823311910804604946568369117088082020927686
2.371067862271736270685096314991824328899384 -4.827015931608084040732586927902048046234995
2.372912002970106737365085791680030524730682 -4.830704223944160728178298658264111509197392
2.374748346010103983161343421670608222484589 -4.83437692082537342520842660320568029419519
2.376576957056511840704615678987465798854828 -4.838034153583727740594727650957906917028595
2.378397900948137522192382675711996853351593 -4.841676051898831245699078573707652140001301
2.380211241711605918425220806966535747051239 -4.845302743825962339847823745486721236375161
2.382017042574868348481231805635616183280945 -4.848914355823804988449010622275636706035584
2.383815365980431089099056407576426863670349 -4.852511012779509187112930712615366246609483
2.385606273598312121464459778508171439170837 -4.856092838034381097434694085634987459343392
2.387389826338729648114167503081262111663818 -4.859659953411317614199033121380466582195368
2.389166084364532594008778687566518783569336 -4.863212479238232774196581953418672128464095
2.390935107103379309023694077041000127792358 -4.866750534372384245831305582541403964569326
2.392696953259665804125688737258315086364746 -4.870274236224262840149606956785532929643523
2.394451680826216399822214953019283711910248 -4.873783700781579669887577654918686675955541
2.396199347095736342794225492980331182479858 -4.877279042631302980598251295418776862788945
2.397940008672037492942763492465019226074219 -4.880760374983535444023269311841772832849529
2.399673721481037969027738654403947293758392 -4.884227809690984973677724267915323252964299
2.401400540781544190593876919592730700969696 -4.887681457273649247938923645406816831382457
2.403120521175817980719102706643752753734589 -4.891121426937657751688598439798738581885118
2.404833716619938055458760572946630418300629 -4.894547826596498520633493622966625480330549
2.406540180433955011807256596512161195278168 -4.897960762892088590076539178497228022024501
2.408239965311849584139736180077306926250458 -4.901360341214290950676707447897229030786548
2.40993312333129461322300812753383070230484 -4.904746665719634403108467823884097924747039
2.411619705963230053669121843995526432991028 -4.908119839352008308662467239713578237569891
2.413299764081251908010017359629273414611816 -4.911479963859391446260455049710458297340665
2.414973347970817751928507277625612914562225 -4.914827139815194831026778921057029947405681
2.416640507338280841054256597999483346939087 -4.918161466632126740169267398172792127297726
2.418301291319745249808192966156639158725739 -4.921483042585255786565551217037750575400423
2.419955748489758029506901948479935526847839 -4.924791964824843308427826382711600672337227
2.421603926869831280299649733933620154857635 -4.928088329394332106105081070523965536267497
2.423245873936807903703538613626733422279358 -4.931372231249609621242524504225457349093631
2.424881636631067038933906587772071361541748 -4.934643764272242072790874978238662151852623
2.426511261364575400278909000917337834835052 -4.937903021288118693768454114945143373915926
2.428134794028788956410380706074647605419159 -4.941150094080952146456675588837015311582945
2.429752280002408060255447708186693489551544 -4.944385073409726876793313099511806285590865
2.431363764158987361696517837117426097393036 -4.947608049022202957381577625994850677670911
2.432969290874405832170168650918640196323395 -4.95081910967181602119951966400890341901686
2.434568904034198677521771969622932374477386 -4.954018343130766112783480714654160692589357
2.436162647040756024097163390251807868480682 -4.957205836205158407201804005026701815950219
2.437750562820387933982146932976320385932922 -4.960381674747989182161500565371170523576438
2.439332693830262854817192419432103633880615 -4.963545943675531816902807280555975921743084
2.440909082065217727830486182938329875469208 -4.96669872697835736424093466823137532628607
2.442479769064448635873532111872918903827667 -4.969840107736167838375918037741030275356025
2.444044795918076218299574975389987230300903 -4.972970168129487183398401706213576289883349
2.445604203273597399004302133107557892799377 -4.976088989454479208363046893737191567197442
2.447158031342219430825934978201985359191895 -4.979196652135638503314934988353002154326532
2.448706319905079809018388914410024881362915 -4.982293235735330568392936756438871270802338
2.450249108319360935581698868190869688987732 -4.985378818969057345290157856609880582254846
2.451786435524290208576303484733216464519501 -4.988453479716205740852885686109630114515312
2.453318340047037526829853959497995674610138 -4.991517295032555827285353222677599660528358
2.454844860008510210036547505296766757965088 -4.994570341160036997668614233703010540921241
2.456366033129043113802936204592697322368622 -4.997612693540577187209517084909293771488592
2.457881896733992377335198398213833570480347 -5.000644426826718564726287352684153120208066
2.459392487759231027411033210228197276592255 -5.003665614889200446546019263038829194556456
2.460897842756547770903807759168557822704315 -5.006676330834268363878525320842527435161173
2.462397997898956081286314656608738005161285 -5.00967664700776145600066846519382579572266
2.463892988985907361865201892214827239513397 -5.012666635009800808475688427279237657785416
2.465382851448418399797901656711474061012268 -5.015646365703089963605787460210194694809616
2.466867620354109558178379302262328565120697 -5.018615909223658835304482384032098707393743
2.468347330412157258905381240765564143657684 -5.0215753349912619690406656580705657688668
2.46982201597816297677923103037755936384201 -5.024524711717130386577634393319158334634267
2.471291711058938744827173650264739990234375 -5.027464107415856307478629894092136964900419
2.472756449317212279481736914021894335746765 -5.030393589413833882028476152115104014228564
2.474216264076255278325788822257891297340393 -5.033313224358316197246804302167788591759745
2.475671188324429561333772653597407042980194 -5.03622307822659314932578489276693289866671
2.477121254719662601928575895726680755615234 -5.039123216335328278320943029555678549513686
2.478566495593843121980626165168359875679016 -5.04201370334910588472468462306608216749737
2.480006942957150517514719467726536095142365 -5.044894603289389264661607414907962265715469
2.481442628502304792448285297723487019538879 -5.047765979541087319124037513518032938009128
2.482873583608753875751062878407537937164307 -5.050627894864234399864566515958586023771204
2.484299839346785887528312741778790950775146 -5.053480411401046254200181140348036024079192
2.485721426481580120793068999773822724819183 -5.056323590681945026256705055800466652726755
2.487138375477186524875605755369178950786591 -5.059157493635154157363836846528215573925991
2.488550716500444348611154055106453597545624 -5.061982180595939482224687733236123676761054
2.489958479424834614235351182287558913230896 -5.06479771131107694981388078758755000308156
2.491361693834272639236360191716812551021576 -5.067604144948931283506249334536164496967103
2.492760389026837497539190735551528632640839 -5.070401540107297157569665735366015724139288
2.494154594018442860914319680887274444103241 -5.073189954817512819368330312386206060182303
2.495544337546448332432191818952560424804688 -5.075969446555217654774155855434969453199301
2.496929648073214824677279466413892805576324 -5.078740072245854299086420535758179539698176
2.498310553789600430008022158290259540081024 -5.08150188827195692115729075410968107462395
2.499687082618403888290004033478908240795135 -5.084254950479191609031409671004553274542559
2.501059262217751655299480262328870594501495 -5.086999314184373810390077386145435411890503
2.502427119984432568600141166825778782367706 -5.089735034182040237897559631363719745422713
2.503790683057180999071533733513206243515015 -5.092462164749432870693851560517373400216457
2.505149978319905823553881418774835765361786 -5.095180759655761192072898069227449013851583
2.506505032404871879947449997416697442531586 -5.097890872165639687164928606222247253754176
2.507855871695830796141990504111163318157196 -5.100592555047231125859436007274894109286834
2.509202522331102969133098667953163385391235 -5.103285860576985274832118033572214699233882
2.510545010206612026593120390316471457481384 -5.105970840548277717239195050424882538209204
2.511883360978874435431862366385757923126221 -5.108647546274680725873068576348146052623633
2.513217600067938928276589649613015353679657 -5.111316028595597890909346672216884144290816
2.514547752660285961923136710538528859615326 -5.113976337885261438855749593912491945957299
2.515873843711679214152354688849300146102905 -5.116628524055740625999660897704757189785596
2.517195897949974447982413039426319301128387 -5.11927263656315716675374027921918695938075
2.518513939877887519713794972631148993968964 -5.121908724412229343969649164591828593984246
2.519827993775718866231727588456124067306519 -5.124536836166419695014900836937954409222584
2.521138083704036247922886104788631200790405 -5.127157019944769371280063330331699944508728
2.522444233506319744009260830353014171123505 -5.129769323435841809916829747706401576579083
2.523746466811564559407088381703943014144897 -5.13237379389844644312496102500631423026789
2.525044807036845195824525944772176444530487 -5.134970478166553786887604804434204197605141
2.526339277389844095722537531401030719280243 -5.13755942265674082685897317013257179496577
2.527629900871338541890054329996928572654724 -5.140140673368807191275647872075182931439485
2.528916700277654694417606151546351611614227 -5.142714275898009462176935224775320421031211
2.530199698203082103731276220059953629970551 -5.145280275432566935347317160776015043666121
2.531478917042254916935917208320461213588715 -5.147838716762278153150911297331049354397692
2.532754378992497557021579268621280789375305 -5.15038964428179381381880941326301126537146
2.534026106056134874933150058495812118053436 -5.152933101994772994124127674098190254881047
2.535294120042770327216885561938397586345673 -5.155469133525796821253955881658725957095157
2.536558442571529958797782455803826451301575 -5.157997782108804585374933759922555509547237
2.537819095073273967244631421635858714580536 -5.160519090606989167386436934137350363016594
2.539076098792776736701171103050000965595245 -5.163033101510236027188033292034674559545238
2.540329474790873565126503308420069515705109 -5.165539856940809249064017194541520439088345
2.541579243946580746182917209807783365249634 -5.168039398657516974005393661784069081477355
2.542825426959179679897715686820447444915771 -5.170531768058193412569006897072654282965232
2.544068044350275670240080216899514198303223 -5.173017006187325517608394109814184957940597
2.545307116465823860096406860975548624992371 -5.175495153736257607050841311746580686303787
2.546542663478131185428310345741920173168182 -5.177966251050920874071659127935163269285113
2.547774705387822358204630290856584906578064 -5.180430338132346352198603911531904486764688
2.549003262025787641675833583576604723930359 -5.182887454642700316657238923667705421394203
2.550228353055094210333209048258140683174133 -5.185337639908613514925367349306384312512819
2.551449997972875305407569612725637853145599 -5.187780932924048034500519310796562422183342
2.552668216112193189104573320946656167507172 -5.190217372356382460451412752533428829337936
2.553883026643874565309033641824498772621155 -5.192646996546688791494827963646230273297988
2.555094448578319354936638774233870208263397 -5.195069843516234446827856130468603623739909
2.556302500767287266825178448925726115703583 -5.197485950969803628844007059583987029327545
2.557507201905657723273179726675152778625488 -5.199895356296287067532357895061068120412529
2.55870857053316580476121089304797351360321 -5.202298096575405080086579312492744975315873
2.559906625036112437499014049535617232322693 -5.204694208581422172014280258522944677679334
2.561101383649055929225824002060107886791229 -5.207083728781639298758415757006901003478561
2.562292864456474639212046895409002900123596 -5.209466693347000507130495350338605931028724
2.563481085394410552424915294977836310863495 -5.211843138148338964218270197292781631404068
2.564666064252089316966021215193904936313629 -5.214213098766664304314910616255929198814556
2.565847818673517632959146794746629893779755 -5.216576610487910908853237401672231499105692
2.567026366159060213334441868937574326992035 -5.218933708314157304212349552940963803848717
2.568201724066994984241318888962268829345703 -5.221284426962044223578113255612720422504935
2.569373909615046081000855338061228394508362 -5.22362880086816038817387752857257510186173
2.570542939881897304132962744915857911109924 -5.225966864188320983725111190665302274283022
2.571708831808687811815161694539710879325867 -5.228298650806547480818925466294899706554133
2.572871602200480278810346135287545621395111 -5.230624194332098696007260496543267436209135
2.574031267727718841342721134424209594726562 -5.232943528106670078980239280141972812998574
2.575187844927660840710359479999169707298279 -5.235256685204988268220877012382175053062383
2.576341350205793023775413530529476702213287 -5.237563698438352401045431383508343969879206
2.57749179983722553899383456155192106962204 -5.239864600357083511059097524764638365013525
2.578639209968072165679586760234087705612183 -5.242159423252936068741286712580063067434821
2.579783596616810115165208117105066776275635 -5.244448199165213197851798110349363923887722
2.580924975675619403858718214905820786952972 -5.246730959876750639662990050027246979880147
2.582063362911708903624230515561066567897797 -5.249007736922495512190550703834901469235774
2.583198773968622852237331244396045804023743 -5.251278561589198581090881523536495478765573
2.584331224367530932539693822036497294902802 -5.253543464919876798940173712182399867742788
2.585460729508500588025299293803982436656952 -5.25580247771575030180449261685282635880867
2.586587304671755127571941557107493281364441 -5.258055630536638992613557297417514746484812
2.587710965018911402069079485954716801643372 -5.260302953705036430390173940452314127469435
2.588831725594207266993862504023127257823944 -5.262544477310777211748887838282939810596872
2.58994960132570772870508335472550243139267 -5.26478023121100798236565720955582037277054
2.591064607026499100328464919584803283214569 -5.267010245030081060698540218467655904532876
2.592176757395866726341182584292255342006683 -5.269234548167834706385720400234617954993155
2.593286067020457164034041852573864161968231 -5.271453169798455000698983452522838888398837
2.594392550375426598208150608115829527378082 -5.273666138871180280884437552302301810414065
2.595496221825574156838456474361009895801544 -5.275873484116544701386097848683220945531502
2.596597095626460127704149272176437079906464 -5.278075234045360361427590145666499665821902
2.597695185925512184610397525830194354057312 -5.280271416953533906123163799151143393828534
2.598790506763115182309320516651496291160583 -5.282462060920202441202664367381203192053363
2.599883072073687628744664834812283515930176 -5.284647193817331368125012058811762472032569
2.600972895686748387333864229731261730194092 -5.286826843300268778755995890961116856487934
2.602059991327962507057236507534980773925781 -5.289001036822511751626929576985958192381077
2.603144372620182167565872077830135822296143 -5.29116980163252243526267326600986962148454
2.604226053084469860721128497971221804618835 -5.293333164768932877844442863590757042402402
2.605305046141109581725459065637551248073578 -5.295491153072212529677453840548650987329893
2.606381365110605141666155759594403207302094 -5.297643793186124071704218296829935752612073
2.60745502321466871009647547907661646604538 -5.299791111553385468836002702985865653317887
2.608526033577194258583631381043232977390289 -5.301933134421036651878073042709615947387647
2.609594409225219902026537965866737067699432 -5.304069887845021168994164018073433908284642
2.61066016308988002592172961158212274312973 -5.306201397685634007627547559238223584543448
2.611723308007341870506934355944395065307617 -5.308327689616265631679381531426997753442265
2.612783856719735453566499927546828985214233 -5.310448789121676125071780383279929083073512
2.613841821876069282382104574935510754585266 -5.312564721499271520183116379598686762619764
2.614897216033134519364011794095858931541443 -5.314675511864684136122821689340867123974022
2.615950051656401154076547754812054336071014 -5.316781185146732995831092560834463256469462
2.617000341120899076230443824897520244121552 -5.318881766096272464047073347259697584377136
2.618048096712092487337031343486160039901733 -5.320977279284712321751754648957444260304328
2.619093330626742766042980292695574462413788 -5.323067749106010126437793505971285412670113
2.620136054973757566699532617349177598953247 -5.325153199778290484533993520699368673376739
2.621176281775035032950427194009535014629364 -5.327233655343345503953289554743832923122682
2.622214022966295132732739148195832967758179 -5.329309139675466426566696753752694348804653
2.623249290397900335136682770098559558391571 -5.331379676474342523776611679764414475357626
2.624282095835668293659637129167094826698303 -5.333445289271650420221543287269128086336423
2.625312450961673871319135287194512784481049 -5.335506001431510496486876338195770586025901
2.626340367375042283981656510150060057640076 -5.337561836152750182390297473133955463708844
2.627365856592732473728801778634078800678253 -5.339612816468458358996201917889834476227406
2.62838893005031160043927229708060622215271 -5.341658965251756521243342579197133090929128
2.629409599102718875229811601457186043262482 -5.343700305211908851369534412256712130329106
2.63042787502502406482562946621328592300415 -5.345736858897536713554343723586725900531746
2.6314437690131722291653204592876136302948 -5.347768648702244464066685170067216859024484
2.632457292184724018113683996489271521568298 -5.349795696861638602623983951289687865937594
2.63346845557958664230113754456397145986557 -5.351818025455142480498182955273023253539577
2.634477270160731521286834322381764650344849 -5.353835656407665863007472317747215129202232
2.635483746814911931721781002124771475791931 -5.355848611494366458361110483465949982928578
2.636487896353365556478820508345961570739746 -5.357856912337713714295645006657764497504104
2.63748972951251081653367691615130752325058 -5.359860580409548561509752717668675359163899
2.638489256954637429686272298567928373813629 -5.361859637035957807521535656292144267354161
2.639486489268585867051797322346828877925873 -5.36385410339303845845410068093883637629915
2.640481436970421924570473493076860904693604 -5.365844000515013410747972022463159191829618
2.641474110504099304108649448608048260211945 -5.367829349288508491294669155990959552582353
2.642464520242121306381477552349679172039032 -5.369810170459343591064377276822483509022277
2.64345267648618742484245558443944901227951 -5.371786484630851069271145759032037858560216
2.644438589467838607305338882724754512310028 -5.373758312265762631613347233283661807945464
2.645422269349091859425016082241199910640717 -5.375725673688179160822353530591044545872137
2.646403726223069519107866653939709067344666 -5.377688589084969143176012673635000282956753
2.647382970114619649137921442161314189434052 -5.379647078506775408762718981847683608066291
2.648360010980931544821714851423166692256927 -5.381601161865801392740482622656372768688016
2.649334858712141915759730181889608502388 -5.383550858943794082105832599083328204869758
2.650307523131936626725746464217081665992737 -5.38549618938858433913816070592872620181879
2.65127801399814400085119814320933073759079 -5.387437172715575532232906708074438029143494
2.652246341003323237828226410783827304840088 -5.389373828309018814829156607260074451914988
2.653212513775343506239323687623254954814911 -5.391306175427474936534544269761681789532304
2.654176541877960371351719004451297223567963 -5.393234233194322372727941283798713811847847
2.655138434811382008859936831868253648281097 -5.395158020613473401436849252732486093009356
2.656098202012831865914677109685726463794708 -5.3970775565585969810872279950331176223699
2.657055852857103772635127825196832418441772 -5.398992859779159887278349172490266028034966
2.658011396657112612729179090820252895355225 -5.400903948901402002076566066790519471396692
2.65896484266443522415102052036672830581665 -5.402810842426356360054112704105477860139217
2.659916200069850411580318905180320143699646 -5.404713558740273135483356270469812443479896
2.660865478003869188938779188902117311954498 -5.406612116101090409914925460910239962686319
2.66181268553726102510381679167039692401886 -5.408506532649775908321715389703854270919692
2.66275783168157431646250188350677490234375 -5.410396826410719552276351596020731449243613
2.663700925389647977681306656450033187866211 -5.41228301528982455462571388160597507521743
2.664641975556125697011111697065643966197968 -5.414165117076370306072041760359070394770242
2.665580991017953316202238056575879454612732 -5.416043149444028513301435667770533655129839
2.666517980554880651311577821616083383560181 -5.417917129952438806683723271362396189942956
2.66745295288995398763631783367600291967392 -5.419787076048484489743800596173173289571423
2.668385916690000136952676257351413369178772 -5.421653005065993710925170701031561293348204
2.669316880566112271111478548846207559108734 -5.423514934224945070392887025434447423322126
2.670245853074124209314277322846464812755585 -5.425372880639244771786011689584938721964136
2.671172842715083373121842669206671416759491 -5.427226861310901977197840295730202342383564
2.672097857935717524213714568759314715862274 -5.429076893133218024729141903961249226995278
2.673020907128896173077237108373083174228668 -5.43092299289210170059813420628813673829427
2.673941998634087990893704045447520911693573 -5.432765177264455478799848320292653625074308
2.674861140737811560086356621468439698219299 -5.434603462825697682819087175332128936133813
2.675778341674085236689961675438098609447479 -5.436437866044514309171037380608026978734415
2.676693609624866354579353355802595615386963 -5.438268403283547539582565288895921185030602
2.677606952720493094233233932754956185817719 -5.44009509080358934088664235595445006765658
2.67851837904011391700009880878496915102005 -5.441917944764079397446804309268486576911528
2.679427896612118775721000929479487240314484 -5.443736981220304197576220772702981776092201
2.680335513414563219924957593320868909358978 -5.445552216129019866466126620352383724821266
2.68124123737558717195383906073402613401413 -5.447363665347549066542143236802075989544392
2.682145076373831926730417762883007526397705 -5.449171344630553503237541113080055765749421
2.683047038238849602009850059403106570243835 -5.450975269641876180468087476072014396777377
2.68394713075151214454194814607035368680954 -5.452775455938745164351233452038059112965129
2.68484536164441234262767466134391725063324 -5.454571918988944688889280998367325992148835
2.685741738602263506408007742720656096935272 -5.456364674160728923339030993489018328546081
2.686636269262293374993078032275661826133728 -5.458153736729458189395197686977212470083032
2.687528961214634470877626881701871752738953 -5.459939121873805311768029779884159324865323
2.688419822002710457553575906786136329174042 -5.461720844683401602723260559457685303641483
2.689308859123620276676547291572205722332001 -5.463498920151042736494118035039946335018612
2.690196080028513847537396941334009170532227 -5.465273363179404617160500601258377173508052
2.691081492122968654712167335674166679382324 -5.467044188577960281503337336417303049529437
2.691965102767360562552312330808490514755249 -5.468811411071895637811546286854991194559261
2.692846919277230188782823461224325001239777 -5.470575045286324926407939273076408426277339
2.693726948923647057654306991025805473327637 -5.472335105768637636067253104954488662770018
2.694605198933568868113752614590339362621307 -5.474091606970394683056441165192040898546111
2.695481676490197653350833206786774098873138 -5.475844563257959844368438773187790502561256
2.696356388733332387630525772692635655403137 -5.477593988911393367135377330257028916093986
2.697229342759717596322843746747821569442749 -5.479339898124310561343397463218707343912683
2.698100545623389745486520041595213115215302 -5.481082305005294422022010802919567140634172
2.698970004336018746471381746232509613037109 -5.482821223577998805825961525783895922359079
2.699837725867245907807046023663133382797241 -5.484556667778904311648380254240464637405239
2.700703717145019222556356908171437680721283 -5.486288651466942422382094823873899258614983
2.7015679850559273234011925524100661277771 -5.488017188414820977243602229123098368290812
2.702430536445525444122495173360221087932587 -5.489742292314029716362999700152158766286448
2.703291378118661381080300998291932046413422 -5.491463976772475930315103864742809491872322
2.704150516839799234247720960411243140697479 -5.493182255321244443317663108672377347829752
2.705007959333336042817563793505541980266571 -5.494897141407254745164301379389826252008788
2.705863712283919308987378826714120805263519 -5.496608648402830434986227059468433253641706
2.706717782336758748584770728484727442264557 -5.498316789595257137856360030170321806508582
2.707570176097936265335874850279651582241058 -5.500021578196549993256675437081071322609205
2.7084209001347128165093636198434978723526 -5.501723027345294667229957941145812583272345
2.709269960975830837668354433844797313213348 -5.503421150094245119926972265034237352665514
2.71011736511181622333310770045500248670578 -5.505115959430737683586581932004833106475417
2.710963118995275866751626381301321089267731 -5.506807468248639501028074416666413526399992
2.711807229041191202867366882856003940105438 -5.508495689391113946629940922861123908660375
2.712649701627211307197740097763016819953918 -5.510180635605875401009795533369128861522768
2.713490543093942441998933645663782954216003 -5.511862319577200025697699681259678072819952
2.714329759745233161538635613396763801574707 -5.513540753909530158644036745840821822639555
2.715167357848457641011918894946575164794922 -5.515215951141026162231340013164526681066491
2.716003343634799005457125531393103301525116 -5.516887923733080112669718841900134975730907
2.716837723299524665065973749733529984951019 -5.518556684075547631024294403800922736991197
2.717670503002262094582874851766973733901978 -5.52022224448818002234470880829064753925195
2.718501688867274168615040252916514873504639 -5.521884617220578215721071835275779449148104
2.719331286983726503336811219924129545688629 -5.523543814448127578595887365864314233476762
2.720159303405957018640037858858704566955566 -5.525199848283647693393538791184482761309482
2.72098574415373928303552020224742591381073 -5.526852730764603763551762183325877231254708
2.721810615212546746732868996332399547100067 -5.528502473861006083662161803005119509180076
2.722633922533812089739058137638494372367859 -5.530149089476230614415008801643125480040908
2.723455672035185681778557409415952861309052 -5.531792589446431659440384098758158870623447
2.724275869600789157232156867394223809242249 -5.53343298554120146615434294723456787323812
2.725094521081468990075791225535795092582703 -5.535070289459399006833095757684759519179352
2.725911632295048292462524841539561748504639 -5.536704512837113325175036893099900225934107
2.726727209026572396055598801467567682266235 -5.538335667247353237638979317480902864190284
2.727541257028556209718317404622212052345276 -5.539963764191518713359690950781555329740513
2.728353782021228468579465697985142469406128 -5.541588815113350278713372221162103414826561
2.72916478969277020993899895984213799238205 -5.54321083138703242856881736599916621344164
2.729974285699555469619781433721072971820831 -5.544829824325175281988370423746914639195893
2.730782275666389313784065961954183876514435 -5.546445805178389287879575642037366378644947
2.731588765186738765322616018238477408885956 -5.548058785135327351887429836452270137669984
2.732393759822968615225136090884916484355927 -5.549668775317538063195782482850404448981863
2.733197265106569240344924764940515160560608 -5.551275786788154838983372352245737602061126
2.733999286538387085698786904686130583286285 -5.552879830553329237961129871692378401348833
2.734799829588847153161168535007163882255554 -5.554480917547767607981429316410526553227101
2.735598899698179931050390223390422761440277 -5.556079058656836335960277351020408787007909
2.736396502276642550555152411106973886489868 -5.557674264697697755731320423677743747248314
2.737192642704737277625781644019298255443573 -5.559266546434532423309055060300920558802318
2.737987326333430893043896503513678908348083 -5.560855914566891379426788466489028905925807
2.738780558484369187510765186743810772895813 -5.562442379740546978886261975105753663228825
2.739572344450091900824872936937026679515839 -5.56402595253800749501571498711882668430917
2.740362689494243664256600823136977851390839 -5.565606643486799066412873404630090590217151
2.74115159885178494292290451994631439447403 -5.56718446305884744106443062783284858596744
2.741939077729198981359104436705820262432098 -5.568759421665840023130122915517858928069472
2.742725131304698305001465996610932052135468 -5.570331529663018511888683548249900923110545
2.743509764728429889402150365640409290790558 -5.571900797353138865171395810449439522926696
2.744292983122676332641276530921459197998047 -5.573467234979561227888739116664851280802395
2.745074791582057471828193229157477617263794 -5.575030852732262277166030983721611846704036
2.745855195173728890978281924617476761341095 -5.576591660744700104310189736622760392492637
2.746634198937578652532920386875048279762268 -5.578149669096031080823411274494105782650877
2.747411807886423140701026568422093987464905 -5.579704887813276791702632451119825418572873
2.748188027006200240265343381906859576702118 -5.581257326870161547798659951169497617229354
2.748962861256161183121093927184119820594788 -5.582806996182877858590776209979367195046507
2.749736315569061062547007168177515268325806 -5.584353905614808798781728560456372179032769
2.750508394851346238851874659303575754165649 -5.58589806498083203938759266904412470466923
2.751279103983342189110317121958360075950623 -5.587439484042806301950651048926488329016138
2.752048447819438692363291920628398656845093 -5.588978172510748899243226972544107411522418
2.752816431188271462104921738500706851482391 -5.590514140037283398899231601220094489690382
2.753583058892906443304582353448495268821716 -5.592047396232972360664154054532559712242801
2.754348335711018780358472213265486061573029 -5.593577950652370409882069290929962335212622
2.755112266395071340951972160837613046169281 -5.595105812797333698273977153903047110361513
2.755874855672491463565165759064257144927979 -5.596630992124539400681820788818754408566747
2.756636108245848149067569465842097997665405 -5.598153498042654721816163698733248565986287
2.757396028793024367331554458360187709331512 -5.599673339901164290880603013889071917219553
2.758154621967389807934978307457640767097473 -5.601190527011817148986955183787017631402705
2.758911892397973630863816651981323957443237 -5.602705068631505872824016822875137222581543
2.759667844689630555876647122204303741455078 -5.604216973968422027107399996381786877464037
2.760422483423211836850441613933071494102478 -5.605726252184662002000375968790990555135068
2.761175813155731351145050211925990879535675 -5.607232912395432127255351373307235007814597
2.761927838420529024432426012936048209667206 -5.608736963667484789943656897648338599537965
2.762678563727436031882689349004067480564117 -5.610238415017889375500242943317630306410138
2.763427993562937334814932910376228392124176 -5.61173727542473034382922159046813703753287
2.764176132390330664634348067920655012130737 -5.613233553808741416093347487148434993287083
2.764922984649888615393820145982317626476288 -5.614727259054690523213532182822405047772918
2.765668554759014075017375944298692047595978 -5.61621839999563444382341126370761230646167
2.766412847112399653326519910478964447975159 -5.617706985420071395722491081059501993877348
2.767155866082180448728422561543993651866913 -5.61919302407493078278105658185381798830349
2.767897616018090811706997556029818952083588 -5.620676524659883608551341760417585646791849
2.768638101247614446975831015151925384998322 -5.622157495827125319245998191775015584426001
2.769377326076138512433999494533054530620575 -5.623635946189791713200473166622828102845233
2.77011529478710150087295005505438894033432 -5.625111884310454072634366529115368393831886
2.770852011642144230307849284145049750804901 -5.62658531871823074186483859548957298102323
2.771587480881255505238414116320200264453888 -5.628056257891140092431553343388372923072893
2.772321706722919998355791904032230377197266 -5.629524710264751705731528508280803180241492
2.773054693364262579535761688021011650562286 -5.630990684238613074204249375753761341911741
2.773786444981193533010355167789384722709656 -5.632454188151499665723753729196232598042116
2.774516965728549777736589021515101194381714 -5.633915230326616837858849651254899981722701
2.775246259740236531854407076025381684303284 -5.635373819027042032511060076771514104621019
2.77597433112936897714462247677147388458252 -5.636829962479077707482311154763010563328862
2.776701183988410814862390907364897429943085 -5.638283668865155372901254438033902260940522
2.777426822389311489303054258925840258598328 -5.63973494633487804723534497775006002484588
2.778151250383643411367984299431554973125458 -5.641183802985812631783368864546446275198832
2.778874472002739626219636193127371370792389 -5.642630246883763660802058037546657942584716
2.779596491257824375509244418935850262641907 -5.644074286051626817162923943627106382336933
2.780317312140151209121086139930412173271179 -5.645515928470162544863114595372621806745883
2.781036938621131771043337721494026482105255 -5.646955182081310538767110474012156373646576
2.781755374652469026131029750104062259197235 -5.64839205478983897613931564052336398162879
2.78247262416628604597690355149097740650177 -5.649826554461259493084002158980183594394475
2.783188691075257459317526809172704815864563 -5.651258688921278341022597091480861308809835
2.783903579272735129279681132175028324127197 -5.65268846595116889169191365382971525832545
2.784617292632875162894379172939807176589966 -5.654115893307168594274919604103502024372574
2.785329835010767141056930995546281337738037 -5.655540978692216677950477254910310875857249
2.786041210242554022613603592617437243461609 -5.656963729786018484860937727276564146450255
2.786751422145561374321687253541313111782074 -5.658384154214972298728436594927870828541927
2.787460474518415054490105831064283847808838 -5.659802259582753152910433724898098262201529
2.788168371141167778404224009136669337749481 -5.661218053445430161557672121830364631023258
2.788875115775416801966457569506019353866577 -5.662631543331774305882753139940177788957953
2.789580712164425602139772308873943984508514 -5.664042736722844390440806394693140646268148
2.790285164033241560588294305489398539066315 -5.665451641064934271922043373947985855920706
2.790988475088815867763969436055049300193787 -5.666858263788483039431059795631995257281233
2.791690649020118097922704691882245242595673 -5.668262612252551612204709563513915782095864
2.792391689498253892764978445484302937984467 -5.669664693809266975150357170676329587877262
2.793091600176579980541191616794094443321228 -5.671064515765613309617593218447950675908942
2.793790384690818751067808989319019019603729 -5.672462085390071163081004979034105417667888
2.794488046659169722119031575857661664485931 -5.673857409918386489333652633604287984780967
2.795184589682424114442937934654764831066132 -5.675250496555382317791227375636253782431595
2.795880017344075429974736834992654621601105 -5.676641352467444196373130838040310663927812
2.796574333210429585960810072720050811767578 -5.678029984781588894796056088409841322572902
2.797267540830716381350384835968725383281708 -5.679416400603239339743566471696567532490008
2.797959643737196078205897720181383192539215 -5.680800606994397033457089296604181072325446
2.798650645445269091737827693577855825424194 -5.682182610984607937319040837920169906283263
2.799340549453581683536640412057749927043915 -5.683562419575444560164434459892390805180185
2.800029359244134319339991634478792548179626 -5.68494003972565952863965632602116784255486
2.800717078282385141818622287246398627758026 -5.686315478372009414240184632660657371161506
2.801403710017355219719092929153703153133392 -5.687688742405051544378385974809475555957761
2.802089257881732464738888666033744812011719 -5.689059838694260451234796516217784301261418
2.802773725291975548401524065411649644374847 -5.690428774074223609337475071612288957112469
2.803457115648413822128759420593269169330597 -5.691795555344890457719064791319851792650297
2.804139432335350345937285965192131698131561 -5.693160189272389528833406835417463298654184
2.804820678721162252600151987280696630477905 -5.694522682596810889479876927055101987207308
2.805500858158400223629769243416376411914825 -5.695883042017687081237653501375461928546429
2.806179973983887077082499672542326152324677 -5.697241274216149093702343808587329476722516
2.806858029518817243541661810013465583324432 -5.698597385830575729696173548077808845846448
2.807535028068853133476068251184187829494476 -5.699951383470273271174971752017768267251085
2.808210972924221948687772965058684349060059 -5.70130327372097854164365027251903939031763
2.808885867359812049670608757878653705120087 -5.702653063126961081874544134961979580111802
2.809559714635267546611885336460545659065247 -5.704000758212198619271499078209330946265254
2.810232517995084222661716921720653772354126 -5.70534636546336695536729699540501314913854
2.810904280668700572221041511511430144309998 -5.706689891339007185324522231084642953646835
2.811575005870593280121738644083961844444275 -5.708031342268228818664921320191751874517649
2.81224469680036914809306836104951798915863 -5.709370724653187760197492472968860965920612
2.812913356642855688960480620153248310089111 -5.710708044861355355686916013269183167722076
2.813580988568191720844424708047881722450256 -5.712043309228126251094609378000654942297842
2.814247595731920181805207903380505740642548 -5.713376524073810561535347041228760645026341
2.814913181275073839060496538877487182617188 -5.714707695674923260999167329288184191682376
2.815577748324267215451754964306019246578217 -5.716036830285617801120090497590808809036389
2.816241299991783186840166308684274554252625 -5.717363934127954228775481126945123833138496
2.816903839375660467680972942616790533065796 -5.718689013404566369360576549851771233079489
2.817565369559780652508607090567238628864288 -5.72001207427801417089441304852925895829685
2.818225893613955701511031293193809688091278 -5.721333122890976560521308913465077239379752
2.818885414594009652944350818870589137077332 -5.722652165351173159102415866072988137602806
2.819543935541868773242413226398639380931854 -5.723969207741506836847888983754728542407975
2.820201459485640160806951826089061796665192 -5.725284256125787581311048501930827114847489
2.820857989439700119760345842223614454269409 -5.726597316527523344464878363169191288761795
2.82151352840477320782497372420039027929306 -5.727908394949102106191718419836433895397931
2.822168079368017501451504358556121587753296 -5.729217497364691423413635140704514014942106
2.822821645303104531876670080237090587615967 -5.730524629721385063661764913689466993673705
2.823474229170300997537879084120504558086395 -5.731829797942512760757644008080546882410999
2.824125833916549144220198286348022520542145 -5.733133007914475855887337374383605492766947
2.824776462475545812935706635471433401107788 -5.73443426551260593184572433855805684288498
2.825426117767823264159687823848798871040344 -5.73573357657805946857587642284670437220484
2.826074802700826449353144198539666831493378 -5.737030946918229104471848023294455742870923
2.826722520168992058842150072450749576091766 -5.738326382328553298961537620925810188055038
2.827369273053825349251155785168521106243134 -5.739619888570684651946107734943325340282172
2.82801506422397697093629176379181444644928 -5.740911471380325906046365735946324093674775
2.828659896535319795418672583764418959617615 -5.742201136473342138084874353154418713529594
2.829303772831024854639281329582445323467255 -5.743488889529438888581491795548572554253042
2.829946695941635947946224405313841998577118 -5.744774736213307271288225352989798011549283
2.830588668685144249081986345117911696434021 -5.746058682162580235654181226578884889022447
2.831229693867063357259894473827444016933441 -5.747340732983908916792215038071844901423901
2.831869774280501683705324467155151069164276 -5.748620894269273570720280019941128557547927
2.832508912706236170464535462087951600551605 -5.749899171578956968541723737686766071419697
2.833147111912785121035085467156022787094116 -5.751175570444372628451518147940646485949401
2.833784374656478810550197522388771176338196 -5.752450096382173764120865344651178929780144
2.834420703681532316409175109583884477615356 -5.753722754883112170624231973548035057319794
2.835056101720116128461768312263302505016327 -5.754993551403918721105779088276221955311485
2.835690571492425426924910425441339612007141 -5.756262491397568395110062589026256318902597
2.836324115706751580745503815705887973308563 -5.757529580266679231342202838206389969855081
2.836956737059550537338736830861307680606842 -5.758794823414558010973157697875990379543509
2.837588438235511212326400709571316838264465 -5.760058226204726663111782558601703385647852
2.838219221907625655632045891252346336841583 -5.761319793990580696331493815165458727278747
2.838849090737255220773249675403349101543427 -5.762579532083753348047083786553912432282232
2.839478047374198510510723281186074018478394 -5.763837445791281386200943792630368989193812
2.840106094456757990229789356817491352558136 -5.765093540390109009673852424882056766364258
2.840733234611806601321859488962218165397644 -5.766347821129289612229751327276972006075084
2.841359470454854818655121562187559902667999 -5.76760029324487282073249949654325519077247
2.841984804590113711242338467855006456375122 -5.768850961940320694852635252658501485711895
2.842609239610561999711535463575273752212524 -5.770099832405676026393648303525196752161719
2.843232778098009561063008732162415981292725 -5.7713469098049423743231056693758773690206
2.843855422623160933426333940587937831878662 -5.772592199275966431872703088501452839409467
2.844477175745681485352633899310603737831116 -5.773835705938041777066788151628884406818543
2.845098040014256923768698470667004585266113 -5.775077434895003422078707533415808939025737
2.845718017966658575090832528076134622097015 -5.77631739121592682620690006878305666759843
2.846337112129805113625025114743039011955261 -5.777555579956405794588708557668610410473775
2.846955325019823845877908752299845218658447 -5.778792006146104679332325959606464493845124
2.847572659142111994867718749446794390678406 -5.780026674801677069072403103433543947176076
2.848189116991398872613672210718505084514618 -5.781259590910129031893910367401190342206974
2.848804701051803611733248544624075293540955 -5.782490759438707619410208193855282843287569
2.849419413796899558377617722726427018642426 -5.783720185332697869863560757863751859986223
2.85003325768976889520445183734409511089325 -5.784947873521949920309209725033383620029781
2.850646235183066590224143510567955672740936 -5.786173828911444754190956940576029410294723
2.851258348719075463861827302025631070137024 -5.787398056381800478652904784482302602555137
2.851869600729766141000709467334672808647156 -5.788620560801798689901098704524429194862023
2.85247999363685655893618786649312824010849 -5.78984134701449491226116217390540441556368
2.853089529851865702170243821456097066402435 -5.791060419839304130879692467104291608848143
2.853698211776174442633191574714146554470062 -5.7922777840778725158381312621003189633484
2.854306041801080606745699697057716548442841 -5.793493444521877288374417380723002679587808
2.854913022307855374748442045529372990131378 -5.794707405925384865932187272719033899193164
2.855519155667800124120958571438677608966827 -5.795919673034266993583846216964161612850148
2.856124444242300164376047177938744425773621 -5.797130250568328934529516160978346306364983
2.856728890382882468657044228166341781616211 -5.798339143234640637863952505881570687051862
2.857332496431268520353796702693216502666473 -5.799546355714632119363050044569263263838366
2.857935264719428936075473757227882742881775 -5.80075189267190785644828787681603898818139
2.858537197569638976801797980442643165588379 -5.801955758755460664834180395388329998240806
2.859138297294530950409807701362296938896179 -5.803157958585235684512149134661740390583873
2.859738566197147058289829146815463900566101 -5.804358496766035633001451499168865666433703
2.860338006570993574229078149073757231235504 -5.805557377891485285135303451298227628285531
2.860936620700093691027632303303107619285583 -5.806754606524205362255708351426619628909975
2.861534410859037702579144024639390408992767 -5.807950187212237171206080654783932004647795
2.86213137931303718275444225582759827375412 -5.809144124492448563439744857461732863157522
2.862727528317974723393035674234852194786072 -5.810336422872756099826385689510743759456091
2.863322860120455892740665149176493287086487 -5.811527086846099620850991662734941201051697
2.863917376957860305708436499116942286491394 -5.812716120883812303057891490709607751341537
2.864511081058391805953533548745326697826385 -5.813903529449354397155846907452314553665929
2.865103974641127759781511485925875604152679 -5.815089316980202534083932430775121247279458
2.86569605991607057049463946896139532327652 -5.816273487894004388162189078670394337677862
2.866287339084194751848144733230583369731903 -5.817456046589094780744494395108290518692229
2.866877814337498886487765048514120280742645 -5.818636997455824657471401550878908892627805
2.867467487859051367138363275444135069847107 -5.81981634485560670160680940554698281630408
2.868056361823041466863060122705064713954926 -5.82099409313829393910338927398129271750804
2.868644438394825524341058553545735776424408 -5.822170246640985902773779425700695355772041
2.869231719730976237769937142729759216308594 -5.823344809661573390213717971164442133158445
2.869818207979327961965054782922379672527313 -5.824517786512070788469686011268322545220144
2.870403905279026890440263741766102612018585 -5.825689181462571253344862043377361260354519
2.870988813760575464328894668142311275005341 -5.826858998776176242189589471465183123655152
2.871572935545878557661580998683348298072815 -5.828027242693959281659432658528885440318845
2.872156272748292771268552314722910523414612 -5.829193917446339979256814123331764676549938
2.87273882747266862125457009824458509683609 -5.830359027238925742012837227790100769198034
2.873320601815398944722801388707011938095093 -5.831522576265928533775784181614199042087421
2.873901597864461532338964389055036008358002 -5.832684568705535349281837698143249326676596
2.874481817699466645876782422419637441635132 -5.833845008717398200690645859722849309036974
2.875061263391700094871339388191699981689453 -5.835003900442944369843234486694427687325515
2.875639937004168533718484468408860266208649 -5.836161248005621771887257986932695530413184
2.876217840591642094238977733766660094261169 -5.837317055514266992029270841868537900154479
2.876794976200700570956314550130628049373627 -5.838471327069865022402206378160371968988329
2.877371345869773833214821934234350919723511 -5.839624066743703574480089946163730019179638
2.87794695162918845454669281025417149066925 -5.840775278591363127347196870786660838348325
2.878521795501206348433242965256795287132263 -5.841924966670033846864035220747268795093987
2.879095879500072729939574855961836874485016 -5.843073134996129792007729664149451309640426
2.879669205632053419208205014001578092575073 -5.844219787587087586600703703609838157717604
2.880241775895480138558468752307817339897156 -5.845364928443783268663391794461858808062971
2.880813592280791368693826370872557163238525 -5.846508561539952999932395760751546731626149
2.881384656770572760819959512446075677871704 -5.847650690843251875938174633162702775734942
2.881954971339600657387336468673311173915863 -5.84879132030476086949455361008176623727195
2.882524537954880283763259285478852689266205 -5.849930453859901767228041125079585071944166
2.88309335857568971306363891926594078540802 -5.851068095418783112943855728715902841940988
2.883661435153617613735832492238841950893402 -5.852204248894163090936870741387565431068651
2.884228769632604105765949498163536190986633 -5.853338918172924106551879841475738430744968
2.884795363948980728707738308003172278404236 -5.854472107125619330294380437962331598100718
2.885361220031512186068312075803987681865692 -5.855603819604057050721146460148247570032254
2.885926339801430984266517043579369783401489 -5.856734059455682751566679700161444088735152
2.886490725172481841553917547571472823619843 -5.857862830514604629561503656987042631953955
2.887054378050956771062374173197895288467407 -5.858990136585612128281713717470324809255544
2.887617300335735937011349960812367498874664 -5.860115981466987695840120675683238005149178
2.888179493918324958201537810964509844779968 -5.861240368940844203821116664698820386547595
2.888740960682892655597697739722207188606262 -5.862363302777124413403542213529817672679201
2.889301702506310132179123684181831777095795 -5.863484786733270065581941077326177946815733
2.889861721258188520522480757790617644786835 -5.864604824541586704841206190153002353326883
2.890421018800914065849383405293338000774384 -5.865723419932142690402798734794487245380878
2.89097959698968898223370160849299281835556 -5.866840576615436758222549284980118500243407
2.891537457672564315203089790884405374526978 -5.867956298279465717285252601698175567435101
2.89209460269048035385708317335229367017746 -5.869070588618278137230804825108521072252188
2.892651033877300381647046378930099308490753 -5.870183451294209541447555178450556923053227
2.893206753059847979869800838059745728969574 -5.87129488995676575074575409551869142887881
2.893761762057943442982832493726164102554321 -5.872404908251522888222584395379044508445077
2.894316062684438417562660106341354548931122 -5.8735135098054015983376485721123572147917
2.894869656745252317620042958878912031650543 -5.874620698220965420675854229415335794328712
2.895422546039407851736768861883319914340973 -5.875726477102596439269083239409496854932513
2.895974732359064773845602758228778839111328 -5.876830850036682333138032818808937918220181
2.896526217489555410367074728128500282764435 -5.877933820591876380983603622709665614820551
2.897077003209420187346267994144000113010406 -5.879035392324145577625654768283425255503971
2.897627091290441381232767525943927466869354 -5.880135568771274358259443237884056543407496
2.898176483497676425571398795000277459621429 -5.881234353479817191390904840275766218837816
2.898725181589493438139015779597684741020203 -5.882331749952800320664636490874954688479193
2.899273187317603639456820019404403865337372 -5.883427761691247349917777142991326400078833
2.899820502427096435837938770418986678123474 -5.884522392197239271539183080861334929068107
2.900367128656470505632114509353414177894592 -5.885615644939902406373999355082560214214027
2.900913067737668882273283088579773902893066 -5.886707523386272907818528299372928813681938
2.901458321396112260970312490826472640037537 -5.887798030988452680986600107360118272481486
2.902002891350729640862482483498752117156982 -5.888887171177139817808410260369100797106512
2.902546779313991187621013523312285542488098 -5.889974947383814629555537356608851951023098
2.903089986991943760585854761302471160888672 -5.891061363021076494658062605580539639049675
2.90363251608423755811827504658140242099762 -5.892146421481019927246514100716012762859464
2.904174368284163421094490331597626209259033 -5.893230126161948335527379638776324100035708
2.904715545278680810525884226080961525440216 -5.894312480424599939767688061564854251628276
2.905256048748451114249746751738712191581726 -5.895393487641204061273925152164565588464029
2.905795880367868733173963846638798713684082 -5.896473151155036020263505713856488910096232
2.906335041805090835254077319405041635036469 -5.897551474301835758816403565418795551522635
2.906873534722070218094813753850758075714111 -5.898628460411570434418493391603988129645586
2.907411360774585951105564163299277424812317 -5.899704112781337316754465271984031460306142
2.907948521612272241299024244653992354869843 -5.900778434733430476318016832948387673241086
2.908485018878649519535883882781490683555603 -5.90185142953265220620504005744066944316728
2.909020854211155970858726504957303404808044 -5.902923100468099087013290615644223180424888
2.909556029241175068023039784748107194900513 -5.903993450791410171809431295386616511677857
2.910090545594067990009534696582704782485962 -5.905062483763519417048759585497919033514336
2.910624404889201155555156219634227454662323 -5.906130202625027385363726262212935580464546
2.911157608739976421219353142078034579753876 -5.90719661058405012040578574428195679502096
2.911690158753861279450347865349613130092621 -5.908261710881604776915421162186703440966085
2.912222056532415503937727407901547849178314 -5.909325506698634153986832151517205602431204
2.912753303671323124035552609711885452270508 -5.91038800124031154549497646399913719506003
2.913283901760418626025739285978488624095917 -5.91144919767371321891319402297426677250769
2.913813852383716707095118181314319372177124 -5.912509099185510334263649045993815889232792
2.914343157119440697044865373754873871803284 -5.913567708910181405530109843837749394879211
2.914871817540050535910722828703001141548157 -5.91462503001007116124054796557629742892459
2.915399835212269863404799252748489379882812 -5.915681065613096841285245552910510014044121
2.915927211697115772892630047863349318504333 -5.916735818838289874196934015060378442285582
2.916453948549925012656558465096168220043182 -5.917789292797111896492906479849693823780399
2.916980047320382407605166008579544723033905 -5.91884149059596734307117649187546248867875
2.91750550955254661644744373916182667016983 -5.919892415312054279735720641042462375480682
2.918030336784880329759062078665010631084442 -5.920942070027803119398185360822139955416787
2.918554530550273362621283013140782713890076 -5.921990457807199507989093234527899767272174
2.919078092376073740865649597253650426864624 -5.923037581712134286206911104599726058950182
2.919601023784110793712898157536983489990234 -5.924083444778038769640976513031205286097247
2.920123326290724019571598546463064849376678 -5.925128050035618712792356843621632833674084
2.920645001406787510944695895886979997158051 -5.926171400519422903692412507581366298836656
2.921166050637738820228150871116667985916138 -5.92721349922881504679317288264428498223424
2.921686475483602052349851874168962240219116 -5.928254349166503370856945442923802147561219
2.922206277439016286479045447777025401592255 -5.929293953320716137507517817795132941682823
2.922725457993260000932878028834238648414612 -5.930332314670808352072284286293779587140307
2.923244018630276386261357401963323354721069 -5.93136943618724593986837878567541793017881
2.923761960828700434689153553335927426815033 -5.932405320827141787486114221650268518715166
2.924279286061881588665301023866049945354462 -5.933439971537771777040926046709046204341576
2.924795995797912162572629313217476010322571 -5.934473391253303649773426231561757049348671
2.925312091499649547188255382934585213661194 -5.93550558289629408238383123652681661042152
2.925827574624742410946964810136705636978149 -5.936536549380026399520826618783075900864787
2.926342446625655124847753540962003171443939 -5.937566293625078844842235525902651716023684
2.926856708949692187360369644011370837688446 -5.938594818511505516768489432166688857250847
2.927370363039023537510274763917550444602966 -5.939622126920628682883451787688500189688057
2.927883410330706759339136624475941061973572 -5.940648221743918662874489600156380220141727
2.928395852256713727257420032401569187641144 -5.941673105828253402798527771366821070841979
2.928907690243952810504879380459897220134735 -5.942696782036837194803519102137556728848722
2.929418925714292853967890550848096609115601 -5.943719253208471663216944103069749871792737
2.929929560084588047175202518701553344726562 -5.944740522183481353912098965608379330660682
2.930439594766700128758429855224676430225372 -5.945760591781160363245017919098245329223573
2.930949031167522811358594481134787201881409 -5.946779464815810979389648638360199583985377
2.931457870689004874265037869918160140514374 -5.947797144084120986046865242613534974225331
2.931966114728172811965123401023447513580322 -5.948813632394658384647256887944877234986052
2.932473764677153038604728862992487847805023 -5.949828932519299149600522369496502506081015
2.932980821923198089251627607154659926891327 -5.950843047244090263867000167863352544372901
2.933487287848705271642302250256761908531189 -5.951855979312835740000636741697803699935321
2.93399316383124242335611597809474915266037 -5.952867731507630633201039183077796224097256
2.934498451243567895829755798331461846828461 -5.953878306559869373545956783289057057118043
2.935003151453654979263774293940514326095581 -5.954887707204775549457709260536830697674304
2.935507265824712774815452576149255037307739 -5.955895936162279215991821601505762373562902
2.936010795715209731326922337757423520088196 -5.956902996171546618101727554872582004463766
2.936513742478893185250399255892261862754822 -5.957908889916866777749365757799182574672159
2.937016107464814229643934595515020191669464 -5.958913620113529424539983159192502171208616
2.937517892017346810007438762113451957702637 -5.959917189434735827757716464248005650006235
2.93801909747621037283238365489523857831955 -5.960919600574968726328789481172520936524961
2.93851972517649207006229516991879791021347 -5.961920856192137064405445201487054873723537
2.939019776448666299017986602848395705223083 -5.962920958956571347749087141920654175919481
2.93951925261861868321489055233541876077652 -5.963919911509878516494426170524434382969048
2.94001815500766339184224307246040552854538 -5.964917716505773690686270649408129429502878
2.940516484932567120580415576114319264888763 -5.965914376575278592427370449868817559035961
2.941014243705569519704567937878891825675964 -5.966909894332456527378527599836388617404737
2.941511432634403178099091746844351291656494 -5.967904272409270107369733127100630554195959
2.942008053022313163182843709364533424377441 -5.968897513396508683249791493707903100585099
2.942504106168080557637267702375538647174835 -5.969889619899821613623058791375797227374278
2.942999593366040667063998625962994992733002 -5.97088059451033351760981804368100256397156
2.943494515906102559910095806117169559001923 -5.971870439796505859123693094048235252557788
2.943988875073771716017745347926393151283264 -5.972859158345876129294488299237286810239311
2.944482672150168678371073838206939399242401 -5.973846752707553831897302476505728918709792
2.944975908412048148932171898195520043373108 -5.974833225444509828515327054532235706574284
2.945468585131819860833957136492244899272919 -5.975818579091901813597764725471961355651729
2.945960703577568562394617401878349483013153 -5.97680281619167684883930924399919604184106
2.946452265013073112953634336008690297603607 -5.977785939271995999718528613797730031365063
2.946943270697825578707806926104240119457245 -5.978767950841761668907131666017562565684784
2.947433721887050772636484907707199454307556 -5.979748853426892844266371529471371104591526
2.947923619831726238516012017498724162578583 -5.980728649521020681093658177829297528660391
2.948412965778600902666539695928804576396942 -5.981707341624000212436385037761965577374212
2.948901760970213725698840789846144616603851 -5.982684932205320769201678521298504165315535
2.949390006644912798350333105190657079219818 -5.983661423763411036248066610099272111256141
2.949877704036874881410312809748575091362 -5.984636818750060258727957451796442001068499
2.950364854376123169288348435657098889350891 -5.985611119628152778423396673801448741869535
2.950851458888546385850304432096891105175018 -5.986584328851822676183930260762622310721781
2.951337518795917880254364717984572052955627 -5.987556448869427137837728736258213757537305
2.951823035315912058251797134289517998695374 -5.988527482104895226927565587971002969425172
2.95230800966212525437981639697682112455368 -5.989497430998510524129130327963821400771849
2.952792443044092163262348549324087798595428 -5.990466297959572674215050769319645951327402
2.953276336667304491356844664551317691802979 -5.991434085408312661125140863305205130018294
2.953759691733228720522674848325550556182861 -5.992400795735181979161099175001936600892805
2.954242509439324759767941941390745341777802 -5.993366431347081330072157356880779843777418
2.954724790979062820639455821947194635868073 -5.994330994613963996958672098003262362908572
2.955206537541941624880337258218787610530853 -5.995294487940188652482648157260314292216208
2.95568775031350572390920206089504063129425 -5.996256913676218482274482557414785333094187
2.956168430475363262388555085635744035243988 -5.997218274197175714133878354772377861081623
2.956648579205203297703974385512992739677429 -5.998178571843022871719341981844308975269087
2.957128197676813119443295363453216850757599 -5.999137808983703266073328475016523952945136
2.957607287060095124786585074616596102714539 -6.00009598794042295875905690394347402616404
2.958085848521085026163746078964322805404663 -6.00105311105601145916371708111114458006341
2.958563883221967394376861193450167775154114 -6.00200918064850304873766861923911619669525
2.959041392321093422168587494525127112865448 -6.002964199034649345285835631003124035487417
2.959518376972998243701340470579452812671661 -6.003918168528992976677727266832107488880865
2.959994838328416033590428924071602523326874 -6.004871091418503894002189902323607384460047
2.960470777534299102740078524220734834671021 -6.005822970022497495415358947923323285067454
2.960946195733831665108937158947810530662537 -6.006773806615079762134118412930661179416347
2.961421094066448489456888637505471706390381 -6.007723603460504945266568155304298670671415
2.961895473667850442467397442669607698917389 -6.008672362858059263698851104607001616386697
2.962369335670020920048273183056153357028961 -6.009620087045977866735402272979627014137805
2.96284268120124227863243504543788731098175 -6.010566778291924039823862502274209873576183
2.963315511386111378300256546935997903347015 -6.011512438841613720826723143986214381584432
2.963787827345555125901910287211649119853973 -6.012457070950282674807324534427266371494625
2.964259630196849126804181651095859706401825 -6.013400676830629813882783674117149530502502
2.964730921053629231209924910217523574829102 -6.014343258726374978184042729978386887523811
2.965201701025911962261716325883753597736359 -6.015284818858703517075597888563720516685862
2.965671971220106506450520100770518183708191 -6.016225359429763401911128717358678841264918
2.966141732739032477184082381427288055419922 -6.017164882643797880253794252425336708256509
2.966610986681934569730856310343369841575623 -6.018103390711546791993352689686958001402672
2.96707973414449721616392707801423966884613 -6.019040885818030841430958943760742840822786
2.967547976218861904840196075383573770523071 -6.019977370144079303112411016840610500366893
2.968015713993641835344305945909582078456879 -6.020912845870032685871575672820199542911723
2.96848294855393524116493608744349330663681 -6.02184731516857766698072595978885601653019
2.968949680981342709173986804671585559844971 -6.022780780202354704213479896779404043627437
2.969415912353981390481294511118903756141663 -6.023713243125590630078214360310084884986281
2.969881643746500099467766631278209388256073 -6.024644706082391553813443207943123525183182
2.970346876230093524640096802613697946071625 -6.025575171229363724036132143879740397096612
2.97081161087251777175310962775256484746933 -6.026504640691662272045103776463292888365686
2.971275848738105018753685726551339030265808 -6.027433116595115590065356858673339957022108
2.971739590887778170724686788162216544151306 -6.028360601064562595326895566572034113050904
2.972202838379064626650460922974161803722382 -6.029287096224009220770539974054713638906833
2.972665592266110934360767714679241180419922 -6.030212604168293900625680281635254686989356
2.973127853599698777742332822526805102825165 -6.031137127011081496951588887256434645678382
2.973589623427256967147513933014124631881714 -6.032060666840933632441845713145767149399035
2.974050902792877426605855362140573561191559 -6.032983225737805979202454942367239709710702
2.974511692737328516500383557286113500595093 -6.033904805796938622831221410436342011962552
2.974971994298068800333112449152395129203796 -6.03482540908576124564013931639294696651632
2.975431808509263031936598054016940295696259 -6.035745037678064001118727333050628658384085
2.97589113640179281361497487523593008518219 -6.03666369363342829269455935836674598249374
2.976349979003273471533930205623619258403778 -6.037581379003070161139155036522652153507806
2.976808337338066046129370079142972826957703 -6.038498095848418035450771990113594256399665
2.977266212427292835229764023097231984138489 -6.039413846189240497614597602549224575341213
2.977723605288847608107971609570086002349854 -6.040328632080599145087740353687877359334379
2.978180516937413813138846307992935180664062 -6.041242455545183093895689196983767033088952
2.978636948384474347761852186522446572780609 -6.042155318599868595984964114720128236513119
2.979092900638326213424988964106887578964233 -6.043067223283424643526934305626241439313162
2.979548374704095170528717062552459537982941 -6.043978171575646226362094060036156406567898
2.980003371583746396566994008026085793972015 -6.044888165499887597298389607658464228734374
2.980457892276100029249619183246977627277374 -6.045797207041721535013961696947148993785959
2.980911937776843601000109629239886999130249 -6.046705298208378046714850384546480199787766
2.981365509078544473453575847088359296321869 -6.047612440980303630602699094254148803884163
2.981818607170663604222227149875834584236145 -6.048518637321214759527965298957496997900307
2.98227123303956842548245731450151652097702 -6.049423889223420930556784913534329461981542
2.982723387668545278472720383433625102043152 -6.050328198635840641194522104839847997936886
2.983175072037813180259036016650497913360596 -6.05123156754336001235741737680484675365733
2.98362628712453448187602589314337819814682 -6.052133997875939797322225599529588180303108
2.984077033902830855538468313170596957206726 -6.053035491594016958595558808298164876759984
2.98452731334379262051470504957251250743866 -6.053936050632072289178625679184619912120979
2.98497712641549339807056639983784407377243 -6.054835676930417671156442471769310031959321
2.98542647408300165778882728773169219493866 -6.055734372425920637641322263888810084608849
2.98587535730839359615629291511140763759613 -6.056632139033629419738041788079385696619283
2.98632377705076557106167456367984414100647 -6.057528978672520474351576025284771276346873
2.986771734266244759936625996488146483898163 -6.058424893263477386921855849521989512140863
2.987219229908004702878088210127316415309906 -6.059319884705439061573645220803996380709577
2.987666264926274628521696286043152213096619 -6.060213954894471532954675074833517101069447
2.988112840268351888539655192289501428604126 -6.061107105738390790020814202776477941370104
2.988558956878615724406245135469362139701843 -6.061999339110657296358919410295129637233913
2.989004615698537037360438262112438678741455 -6.062890656910835061963599423862092407944147
2.989449817666691711082194160553626716136932 -6.063781060994534248889675787097530701430514
2.989894563718773046190335662686266005039215 -6.064670553255092442374030170526566507760435
2.990338854787601530205165545339696109294891 -6.065559135548286385630073480612622915941756
2.990782691803137716135552182095125317573547 -6.066446809733568457188163103310785118083004
2.991226075692495101066015195101499557495117 -6.067333577659923808667041811304443399421871
2.99166900737994856385171260626520961523056 -6.06821944119375840604249661147662209259579
2.992111487786949908240785589441657066345215 -6.069104402153195171060878765345592000812758
2.992553517832135412390925921499729156494141 -6.069988462389548038340703062232250886154361
2.992995098431341371991720734513364732265472 -6.070871623742967106585749492708714569744188
2.993436230497611649781219966826029121875763 -6.071753888028063259225952652542446230654605
2.99387691494121099822223186492919921875 -6.072635257056595527690168179191232411540113
2.994317152669636605821779085090383887290955 -6.073515732669724514428827299994395616522525
2.994756944587628311182925244793295860290527 -6.074395316645674659100651027188177977222949
2.995196291597179261145811324240639805793762 -6.075274010817327757696254542096880868484732
2.995635194597549677553161018295213580131531 -6.076151816963132901768668281405894049385097
2.99607365448527529494526788766961544752121 -6.077028736887711619918395200556915369816124
2.996511672154178462790241610491648316383362 -6.077904772374376296192877155988298909505829
2.996949248495381024071093634120188653469086 -6.078779925204024308510453167286868847440928
2.997386384397313197069934176397509872913361 -6.079654197155456118398936249391795172414277
2.997823080745725565776638177339918911457062 -6.080527589990622244070506141611076600383967
2.99825933842369884985146200051531195640564 -6.081400105497906662457840987201507232384756
2.998695158311655895033709384733811020851135 -6.082271745414580561145401205180860415566713
2.999130541287370999015138295362703502178192 -6.083142511509948149785870219474759323929902
2.999565488225982345937836726079694926738739 -6.08401240552751674649928359528416876855772
3 -6.084881429223881344446611674214864251553081
