/*--------------------------------*- C++ -*----------------------------------*\
| =========                 |                                                 |
| \\      /  F ield         | OpenFOAM: The Open Source CFD Toolbox           |
|  \\    /   O peration     | Version:  v1712                                 |
|   \\  /    A nd           | Web:      www.OpenFOAM.com                      |
|    \\/     M anipulation  |                                                 |
\*---------------------------------------------------------------------------*/
FoamFile
{
    version     2.0;
    format      ascii;
    class       faceList;
    location    "constant/polyMesh";
    object      faces;
}
// * * * * * * * * * * * * * * * * * * * * * * * * * * * * * * * * * * * * * //


1260
(
4(1 7 43 37)
4(6 42 43 7)
4(2 8 44 38)
4(7 43 44 8)
4(3 9 45 39)
4(8 44 45 9)
4(4 10 46 40)
4(9 45 46 10)
4(10 46 47 11)
4(5 11 47 41)
4(7 13 49 43)
4(12 48 49 13)
4(8 14 50 44)
4(13 49 50 14)
4(9 15 51 45)
4(14 50 51 15)
4(10 16 52 46)
4(15 51 52 16)
4(16 52 53 17)
4(11 17 53 47)
4(13 19 55 49)
4(18 54 55 19)
4(14 20 56 50)
4(19 55 56 20)
4(15 21 57 51)
4(20 56 57 21)
4(16 22 58 52)
4(21 57 58 22)
4(22 58 59 23)
4(17 23 59 53)
4(19 25 61 55)
4(24 60 61 25)
4(20 26 62 56)
4(25 61 62 26)
4(21 27 63 57)
4(26 62 63 27)
4(22 28 64 58)
4(27 63 64 28)
4(28 64 65 29)
4(23 29 65 59)
4(25 31 67 61)
4(30 66 67 31)
4(26 32 68 62)
4(31 67 68 32)
4(27 33 69 63)
4(32 68 69 33)
4(28 34 70 64)
4(33 69 70 34)
4(29 35 71 65)
4(34 70 71 35)
4(72 82 142 132)
4(11 47 142 82)
4(73 83 143 133)
4(82 142 143 83)
4(74 84 144 134)
4(83 143 144 84)
4(75 85 145 135)
4(84 144 145 85)
4(76 86 146 136)
4(85 145 146 86)
4(77 87 147 137)
4(86 146 147 87)
4(78 88 148 138)
4(87 147 148 88)
4(79 89 149 139)
4(88 148 149 89)
4(80 90 150 140)
4(89 149 150 90)
4(90 150 151 91)
4(81 91 151 141)
4(82 92 152 142)
4(17 53 152 92)
4(83 93 153 143)
4(92 152 153 93)
4(84 94 154 144)
4(93 153 154 94)
4(85 95 155 145)
4(94 154 155 95)
4(86 96 156 146)
4(95 155 156 96)
4(87 97 157 147)
4(96 156 157 97)
4(88 98 158 148)
4(97 157 158 98)
4(89 99 159 149)
4(98 158 159 99)
4(90 100 160 150)
4(99 159 160 100)
4(100 160 161 101)
4(91 101 161 151)
4(92 102 162 152)
4(23 59 162 102)
4(93 103 163 153)
4(102 162 163 103)
4(94 104 164 154)
4(103 163 164 104)
4(95 105 165 155)
4(104 164 165 105)
4(96 106 166 156)
4(105 165 166 106)
4(97 107 167 157)
4(106 166 167 107)
4(98 108 168 158)
4(107 167 168 108)
4(99 109 169 159)
4(108 168 169 109)
4(100 110 170 160)
4(109 169 170 110)
4(110 170 171 111)
4(101 111 171 161)
4(102 112 172 162)
4(29 65 172 112)
4(103 113 173 163)
4(112 172 173 113)
4(104 114 174 164)
4(113 173 174 114)
4(105 115 175 165)
4(114 174 175 115)
4(106 116 176 166)
4(115 175 176 116)
4(107 117 177 167)
4(116 176 177 117)
4(108 118 178 168)
4(117 177 178 118)
4(109 119 179 169)
4(118 178 179 119)
4(110 120 180 170)
4(119 179 180 120)
4(120 180 181 121)
4(111 121 181 171)
4(112 122 182 172)
4(113 123 183 173)
4(114 124 184 174)
4(115 125 185 175)
4(116 126 186 176)
4(117 127 187 177)
4(118 128 188 178)
4(119 129 189 179)
4(120 130 190 180)
4(121 131 191 181)
4(192 197 227 222)
4(91 151 227 197)
4(193 198 228 223)
4(197 227 228 198)
4(194 199 229 224)
4(198 228 229 199)
4(195 200 230 225)
4(199 229 230 200)
4(200 230 231 201)
4(197 202 232 227)
4(101 161 232 202)
4(198 203 233 228)
4(202 232 233 203)
4(199 204 234 229)
4(203 233 234 204)
4(200 205 235 230)
4(204 234 235 205)
4(205 235 236 206)
4(202 207 237 232)
4(111 171 237 207)
4(203 208 238 233)
4(207 237 238 208)
4(204 209 239 234)
4(208 238 239 209)
4(205 210 240 235)
4(209 239 240 210)
4(210 240 241 211)
4(207 212 242 237)
4(121 181 242 212)
4(208 213 243 238)
4(212 242 243 213)
4(209 214 244 239)
4(213 243 244 214)
4(210 215 245 240)
4(214 244 245 215)
4(215 245 246 216)
4(212 217 247 242)
4(131 191 247 217)
4(213 218 248 243)
4(217 247 248 218)
4(214 219 249 244)
4(218 248 249 219)
4(215 220 250 245)
4(219 249 250 220)
4(220 250 251 221)
4(31 253 313 67)
4(252 312 313 253)
4(32 254 314 68)
4(253 313 314 254)
4(33 255 315 69)
4(254 314 315 255)
4(34 256 316 70)
4(255 315 316 256)
4(256 316 317 257)
4(253 259 319 313)
4(258 318 319 259)
4(254 260 320 314)
4(259 319 320 260)
4(255 261 321 315)
4(260 320 321 261)
4(256 262 322 316)
4(261 321 322 262)
4(262 322 323 263)
4(259 265 325 319)
4(264 324 325 265)
4(260 266 326 320)
4(265 325 326 266)
4(261 267 327 321)
4(266 326 327 267)
4(262 268 328 322)
4(267 327 328 268)
4(268 328 329 269)
4(265 271 331 325)
4(270 330 331 271)
4(266 272 332 326)
4(271 331 332 272)
4(267 273 333 327)
4(272 332 333 273)
4(268 274 334 328)
4(273 333 334 274)
4(274 334 335 275)
4(271 277 337 331)
4(276 336 337 277)
4(272 278 338 332)
4(277 337 338 278)
4(273 279 339 333)
4(278 338 339 279)
4(274 280 340 334)
4(279 339 340 280)
4(280 340 341 281)
4(277 283 343 337)
4(282 342 343 283)
4(278 284 344 338)
4(283 343 344 284)
4(279 285 345 339)
4(284 344 345 285)
4(280 286 346 340)
4(285 345 346 286)
4(286 346 347 287)
4(283 289 349 343)
4(288 348 349 289)
4(284 290 350 344)
4(289 349 350 290)
4(285 291 351 345)
4(290 350 351 291)
4(286 292 352 346)
4(291 351 352 292)
4(292 352 353 293)
4(289 295 355 349)
4(294 354 355 295)
4(290 296 356 350)
4(295 355 356 296)
4(291 297 357 351)
4(296 356 357 297)
4(292 298 358 352)
4(297 357 358 298)
4(298 358 359 299)
4(295 301 361 355)
4(300 360 361 301)
4(296 302 362 356)
4(301 361 362 302)
4(297 303 363 357)
4(302 362 363 303)
4(298 304 364 358)
4(303 363 364 304)
4(304 364 365 305)
4(301 307 367 361)
4(306 366 367 307)
4(302 308 368 362)
4(307 367 368 308)
4(303 309 369 363)
4(308 368 369 309)
4(304 310 370 364)
4(309 369 370 310)
4(310 370 371 311)
4(217 373 433 247)
4(372 432 433 373)
4(218 374 434 248)
4(373 433 434 374)
4(219 375 435 249)
4(374 434 435 375)
4(220 376 436 250)
4(375 435 436 376)
4(376 436 437 377)
4(373 379 439 433)
4(378 438 439 379)
4(374 380 440 434)
4(379 439 440 380)
4(375 381 441 435)
4(380 440 441 381)
4(376 382 442 436)
4(381 441 442 382)
4(382 442 443 383)
4(379 385 445 439)
4(384 444 445 385)
4(380 386 446 440)
4(385 445 446 386)
4(381 387 447 441)
4(386 446 447 387)
4(382 388 448 442)
4(387 447 448 388)
4(388 448 449 389)
4(385 391 451 445)
4(390 450 451 391)
4(386 392 452 446)
4(391 451 452 392)
4(387 393 453 447)
4(392 452 453 393)
4(388 394 454 448)
4(393 453 454 394)
4(394 454 455 395)
4(391 397 457 451)
4(396 456 457 397)
4(392 398 458 452)
4(397 457 458 398)
4(393 399 459 453)
4(398 458 459 399)
4(394 400 460 454)
4(399 459 460 400)
4(400 460 461 401)
4(397 403 463 457)
4(402 462 463 403)
4(398 404 464 458)
4(403 463 464 404)
4(399 405 465 459)
4(404 464 465 405)
4(400 406 466 460)
4(405 465 466 406)
4(406 466 467 407)
4(403 409 469 463)
4(408 468 469 409)
4(404 410 470 464)
4(409 469 470 410)
4(405 411 471 465)
4(410 470 471 411)
4(406 412 472 466)
4(411 471 472 412)
4(412 472 473 413)
4(409 415 475 469)
4(414 474 475 415)
4(410 416 476 470)
4(415 475 476 416)
4(411 417 477 471)
4(416 476 477 417)
4(412 418 478 472)
4(417 477 478 418)
4(418 478 479 419)
4(415 421 481 475)
4(420 480 481 421)
4(416 422 482 476)
4(421 481 482 422)
4(417 423 483 477)
4(422 482 483 423)
4(418 424 484 478)
4(423 483 484 424)
4(424 484 485 425)
4(421 427 487 481)
4(426 486 487 427)
4(422 428 488 482)
4(427 487 488 428)
4(423 429 489 483)
4(428 488 489 429)
4(424 430 490 484)
4(429 489 490 430)
4(430 490 491 431)
4(307 493 523 367)
4(492 522 523 493)
4(308 494 524 368)
4(493 523 524 494)
4(309 495 525 369)
4(494 524 525 495)
4(310 496 526 370)
4(495 525 526 496)
4(496 526 527 497)
4(311 497 527 371)
4(493 499 529 523)
4(498 528 529 499)
4(494 500 530 524)
4(499 529 530 500)
4(495 501 531 525)
4(500 530 531 501)
4(496 502 532 526)
4(501 531 532 502)
4(502 532 533 503)
4(497 503 533 527)
4(499 505 535 529)
4(504 534 535 505)
4(500 506 536 530)
4(505 535 536 506)
4(501 507 537 531)
4(506 536 537 507)
4(502 508 538 532)
4(507 537 538 508)
4(508 538 539 509)
4(503 509 539 533)
4(505 511 541 535)
4(510 540 541 511)
4(506 512 542 536)
4(511 541 542 512)
4(507 513 543 537)
4(512 542 543 513)
4(508 514 544 538)
4(513 543 544 514)
4(514 544 545 515)
4(509 515 545 539)
4(511 517 547 541)
4(512 518 548 542)
4(513 519 549 543)
4(514 520 550 544)
4(515 521 551 545)
4(552 561 620 611)
4(497 527 620 561)
4(553 562 621 612)
4(561 620 621 562)
4(554 563 622 613)
4(562 621 622 563)
4(555 564 623 614)
4(563 622 623 564)
4(556 565 624 615)
4(564 623 624 565)
4(557 566 625 616)
4(565 624 625 566)
4(558 567 626 617)
4(566 625 626 567)
4(559 568 627 618)
4(567 626 627 568)
4(560 569 628 619)
4(568 627 628 569)
4(569 628 629 570)
4(426 570 629 486)
4(561 571 630 620)
4(503 533 630 571)
4(562 572 631 621)
4(571 630 631 572)
4(563 573 632 622)
4(572 631 632 573)
4(564 574 633 623)
4(573 632 633 574)
4(565 575 634 624)
4(574 633 634 575)
4(566 576 635 625)
4(575 634 635 576)
4(567 577 636 626)
4(576 635 636 577)
4(568 578 637 627)
4(577 636 637 578)
4(569 579 638 628)
4(578 637 638 579)
4(579 638 639 580)
4(570 580 639 629)
4(571 581 640 630)
4(509 539 640 581)
4(572 582 641 631)
4(581 640 641 582)
4(573 583 642 632)
4(582 641 642 583)
4(574 584 643 633)
4(583 642 643 584)
4(575 585 644 634)
4(584 643 644 585)
4(576 586 645 635)
4(585 644 645 586)
4(577 587 646 636)
4(586 645 646 587)
4(578 588 647 637)
4(587 646 647 588)
4(579 589 648 638)
4(588 647 648 589)
4(589 648 649 590)
4(580 590 649 639)
4(581 591 650 640)
4(515 545 650 591)
4(582 592 651 641)
4(591 650 651 592)
4(583 593 652 642)
4(592 651 652 593)
4(584 594 653 643)
4(593 652 653 594)
4(585 595 654 644)
4(594 653 654 595)
4(586 596 655 645)
4(595 654 655 596)
4(587 597 656 646)
4(596 655 656 597)
4(588 598 657 647)
4(597 656 657 598)
4(589 599 658 648)
4(598 657 658 599)
4(599 658 659 600)
4(590 600 659 649)
4(591 601 660 650)
4(592 602 661 651)
4(593 603 662 652)
4(594 604 663 653)
4(595 605 664 654)
4(596 606 665 655)
4(597 607 666 656)
4(598 608 667 657)
4(599 609 668 658)
4(600 610 669 659)
4(427 670 695 487)
4(570 629 695 670)
4(428 671 696 488)
4(670 695 696 671)
4(429 672 697 489)
4(671 696 697 672)
4(430 673 698 490)
4(672 697 698 673)
4(673 698 699 674)
4(670 675 700 695)
4(580 639 700 675)
4(671 676 701 696)
4(675 700 701 676)
4(672 677 702 697)
4(676 701 702 677)
4(673 678 703 698)
4(677 702 703 678)
4(678 703 704 679)
4(675 680 705 700)
4(590 649 705 680)
4(676 681 706 701)
4(680 705 706 681)
4(677 682 707 702)
4(681 706 707 682)
4(678 683 708 703)
4(682 707 708 683)
4(683 708 709 684)
4(680 685 710 705)
4(600 659 710 685)
4(681 686 711 706)
4(685 710 711 686)
4(682 687 712 707)
4(686 711 712 687)
4(683 688 713 708)
4(687 712 713 688)
4(688 713 714 689)
4(685 690 715 710)
4(686 691 716 711)
4(687 692 717 712)
4(688 693 718 713)
4(516 546 547 517)
4(517 547 548 518)
4(518 548 549 519)
4(519 549 550 520)
4(520 550 551 521)
4(521 551 660 601)
4(601 660 661 602)
4(602 661 662 603)
4(603 662 663 604)
4(604 663 664 605)
4(605 664 665 606)
4(606 665 666 607)
4(607 666 667 608)
4(608 667 668 609)
4(609 668 669 610)
4(610 669 715 690)
4(690 715 716 691)
4(691 716 717 692)
4(692 717 718 693)
4(693 718 719 694)
4(0 36 42 6)
4(6 42 48 12)
4(12 48 54 18)
4(18 54 60 24)
4(24 60 66 30)
4(30 66 312 252)
4(252 312 318 258)
4(258 318 324 264)
4(264 324 330 270)
4(270 330 336 276)
4(276 336 342 282)
4(282 342 348 288)
4(288 348 354 294)
4(294 354 360 300)
4(300 360 366 306)
4(306 366 522 492)
4(492 522 528 498)
4(498 528 534 504)
4(504 534 540 510)
4(510 540 546 516)
4(196 201 231 226)
4(201 206 236 231)
4(206 211 241 236)
4(211 216 246 241)
4(216 221 251 246)
4(221 377 437 251)
4(377 383 443 437)
4(383 389 449 443)
4(389 395 455 449)
4(395 401 461 455)
4(401 407 467 461)
4(407 413 473 467)
4(413 419 479 473)
4(419 425 485 479)
4(425 431 491 485)
4(431 674 699 491)
4(674 679 704 699)
4(679 684 709 704)
4(684 689 714 709)
4(689 694 719 714)
4(0 1 37 36)
4(1 2 38 37)
4(2 3 39 38)
4(3 4 40 39)
4(4 5 41 40)
4(5 72 132 41)
4(72 73 133 132)
4(73 74 134 133)
4(74 75 135 134)
4(75 76 136 135)
4(76 77 137 136)
4(77 78 138 137)
4(78 79 139 138)
4(79 80 140 139)
4(80 81 141 140)
4(81 192 222 141)
4(192 193 223 222)
4(193 194 224 223)
4(194 195 225 224)
4(195 196 226 225)
4(35 71 182 122)
4(122 182 183 123)
4(123 183 184 124)
4(124 184 185 125)
4(125 185 186 126)
4(126 186 187 127)
4(127 187 188 128)
4(128 188 189 129)
4(129 189 190 130)
4(130 190 191 131)
4(35 257 317 71)
4(257 263 323 317)
4(263 269 329 323)
4(269 275 335 329)
4(275 281 341 335)
4(281 287 347 341)
4(287 293 353 347)
4(293 299 359 353)
4(299 305 365 359)
4(305 311 371 365)
4(131 191 432 372)
4(372 432 438 378)
4(378 438 444 384)
4(384 444 450 390)
4(390 450 456 396)
4(396 456 462 402)
4(402 462 468 408)
4(408 468 474 414)
4(414 474 480 420)
4(420 480 486 426)
4(311 552 611 371)
4(552 553 612 611)
4(553 554 613 612)
4(554 555 614 613)
4(555 556 615 614)
4(556 557 616 615)
4(557 558 617 616)
4(558 559 618 617)
4(559 560 619 618)
4(560 426 486 619)
4(0 6 7 1)
4(6 12 13 7)
4(12 18 19 13)
4(18 24 25 19)
4(24 30 31 25)
4(1 7 8 2)
4(7 13 14 8)
4(13 19 20 14)
4(19 25 26 20)
4(25 31 32 26)
4(2 8 9 3)
4(8 14 15 9)
4(14 20 21 15)
4(20 26 27 21)
4(26 32 33 27)
4(3 9 10 4)
4(9 15 16 10)
4(15 21 22 16)
4(21 27 28 22)
4(27 33 34 28)
4(4 10 11 5)
4(10 16 17 11)
4(16 22 23 17)
4(22 28 29 23)
4(28 34 35 29)
4(5 11 82 72)
4(11 17 92 82)
4(17 23 102 92)
4(23 29 112 102)
4(29 35 122 112)
4(72 82 83 73)
4(82 92 93 83)
4(92 102 103 93)
4(102 112 113 103)
4(112 122 123 113)
4(73 83 84 74)
4(83 93 94 84)
4(93 103 104 94)
4(103 113 114 104)
4(113 123 124 114)
4(74 84 85 75)
4(84 94 95 85)
4(94 104 105 95)
4(104 114 115 105)
4(114 124 125 115)
4(75 85 86 76)
4(85 95 96 86)
4(95 105 106 96)
4(105 115 116 106)
4(115 125 126 116)
4(76 86 87 77)
4(86 96 97 87)
4(96 106 107 97)
4(106 116 117 107)
4(116 126 127 117)
4(77 87 88 78)
4(87 97 98 88)
4(97 107 108 98)
4(107 117 118 108)
4(117 127 128 118)
4(78 88 89 79)
4(88 98 99 89)
4(98 108 109 99)
4(108 118 119 109)
4(118 128 129 119)
4(79 89 90 80)
4(89 99 100 90)
4(99 109 110 100)
4(109 119 120 110)
4(119 129 130 120)
4(80 90 91 81)
4(90 100 101 91)
4(100 110 111 101)
4(110 120 121 111)
4(120 130 131 121)
4(81 91 197 192)
4(91 101 202 197)
4(101 111 207 202)
4(111 121 212 207)
4(121 131 217 212)
4(192 197 198 193)
4(197 202 203 198)
4(202 207 208 203)
4(207 212 213 208)
4(212 217 218 213)
4(193 198 199 194)
4(198 203 204 199)
4(203 208 209 204)
4(208 213 214 209)
4(213 218 219 214)
4(194 199 200 195)
4(199 204 205 200)
4(204 209 210 205)
4(209 214 215 210)
4(214 219 220 215)
4(195 200 201 196)
4(200 205 206 201)
4(205 210 211 206)
4(210 215 216 211)
4(215 220 221 216)
4(30 252 253 31)
4(252 258 259 253)
4(258 264 265 259)
4(264 270 271 265)
4(270 276 277 271)
4(276 282 283 277)
4(282 288 289 283)
4(288 294 295 289)
4(294 300 301 295)
4(300 306 307 301)
4(31 253 254 32)
4(253 259 260 254)
4(259 265 266 260)
4(265 271 272 266)
4(271 277 278 272)
4(277 283 284 278)
4(283 289 290 284)
4(289 295 296 290)
4(295 301 302 296)
4(301 307 308 302)
4(32 254 255 33)
4(254 260 261 255)
4(260 266 267 261)
4(266 272 273 267)
4(272 278 279 273)
4(278 284 285 279)
4(284 290 291 285)
4(290 296 297 291)
4(296 302 303 297)
4(302 308 309 303)
4(33 255 256 34)
4(255 261 262 256)
4(261 267 268 262)
4(267 273 274 268)
4(273 279 280 274)
4(279 285 286 280)
4(285 291 292 286)
4(291 297 298 292)
4(297 303 304 298)
4(303 309 310 304)
4(34 256 257 35)
4(256 262 263 257)
4(262 268 269 263)
4(268 274 275 269)
4(274 280 281 275)
4(280 286 287 281)
4(286 292 293 287)
4(292 298 299 293)
4(298 304 305 299)
4(304 310 311 305)
4(131 372 373 217)
4(372 378 379 373)
4(378 384 385 379)
4(384 390 391 385)
4(390 396 397 391)
4(396 402 403 397)
4(402 408 409 403)
4(408 414 415 409)
4(414 420 421 415)
4(420 426 427 421)
4(217 373 374 218)
4(373 379 380 374)
4(379 385 386 380)
4(385 391 392 386)
4(391 397 398 392)
4(397 403 404 398)
4(403 409 410 404)
4(409 415 416 410)
4(415 421 422 416)
4(421 427 428 422)
4(218 374 375 219)
4(374 380 381 375)
4(380 386 387 381)
4(386 392 393 387)
4(392 398 399 393)
4(398 404 405 399)
4(404 410 411 405)
4(410 416 417 411)
4(416 422 423 417)
4(422 428 429 423)
4(219 375 376 220)
4(375 381 382 376)
4(381 387 388 382)
4(387 393 394 388)
4(393 399 400 394)
4(399 405 406 400)
4(405 411 412 406)
4(411 417 418 412)
4(417 423 424 418)
4(423 429 430 424)
4(220 376 377 221)
4(376 382 383 377)
4(382 388 389 383)
4(388 394 395 389)
4(394 400 401 395)
4(400 406 407 401)
4(406 412 413 407)
4(412 418 419 413)
4(418 424 425 419)
4(424 430 431 425)
4(306 492 493 307)
4(492 498 499 493)
4(498 504 505 499)
4(504 510 511 505)
4(510 516 517 511)
4(307 493 494 308)
4(493 499 500 494)
4(499 505 506 500)
4(505 511 512 506)
4(511 517 518 512)
4(308 494 495 309)
4(494 500 501 495)
4(500 506 507 501)
4(506 512 513 507)
4(512 518 519 513)
4(309 495 496 310)
4(495 501 502 496)
4(501 507 508 502)
4(507 513 514 508)
4(513 519 520 514)
4(310 496 497 311)
4(496 502 503 497)
4(502 508 509 503)
4(508 514 515 509)
4(514 520 521 515)
4(311 497 561 552)
4(497 503 571 561)
4(503 509 581 571)
4(509 515 591 581)
4(515 521 601 591)
4(552 561 562 553)
4(561 571 572 562)
4(571 581 582 572)
4(581 591 592 582)
4(591 601 602 592)
4(553 562 563 554)
4(562 572 573 563)
4(572 582 583 573)
4(582 592 593 583)
4(592 602 603 593)
4(554 563 564 555)
4(563 573 574 564)
4(573 583 584 574)
4(583 593 594 584)
4(593 603 604 594)
4(555 564 565 556)
4(564 574 575 565)
4(574 584 585 575)
4(584 594 595 585)
4(594 604 605 595)
4(556 565 566 557)
4(565 575 576 566)
4(575 585 586 576)
4(585 595 596 586)
4(595 605 606 596)
4(557 566 567 558)
4(566 576 577 567)
4(576 586 587 577)
4(586 596 597 587)
4(596 606 607 597)
4(558 567 568 559)
4(567 577 578 568)
4(577 587 588 578)
4(587 597 598 588)
4(597 607 608 598)
4(559 568 569 560)
4(568 578 579 569)
4(578 588 589 579)
4(588 598 599 589)
4(598 608 609 599)
4(560 569 570 426)
4(569 579 580 570)
4(579 589 590 580)
4(589 599 600 590)
4(599 609 610 600)
4(426 570 670 427)
4(570 580 675 670)
4(580 590 680 675)
4(590 600 685 680)
4(600 610 690 685)
4(427 670 671 428)
4(670 675 676 671)
4(675 680 681 676)
4(680 685 686 681)
4(685 690 691 686)
4(428 671 672 429)
4(671 676 677 672)
4(676 681 682 677)
4(681 686 687 682)
4(686 691 692 687)
4(429 672 673 430)
4(672 677 678 673)
4(677 682 683 678)
4(682 687 688 683)
4(687 692 693 688)
4(430 673 674 431)
4(673 678 679 674)
4(678 683 684 679)
4(683 688 689 684)
4(688 693 694 689)
4(36 37 43 42)
4(42 43 49 48)
4(48 49 55 54)
4(54 55 61 60)
4(60 61 67 66)
4(37 38 44 43)
4(43 44 50 49)
4(49 50 56 55)
4(55 56 62 61)
4(61 62 68 67)
4(38 39 45 44)
4(44 45 51 50)
4(50 51 57 56)
4(56 57 63 62)
4(62 63 69 68)
4(39 40 46 45)
4(45 46 52 51)
4(51 52 58 57)
4(57 58 64 63)
4(63 64 70 69)
4(40 41 47 46)
4(46 47 53 52)
4(52 53 59 58)
4(58 59 65 64)
4(64 65 71 70)
4(41 132 142 47)
4(47 142 152 53)
4(53 152 162 59)
4(59 162 172 65)
4(65 172 182 71)
4(132 133 143 142)
4(142 143 153 152)
4(152 153 163 162)
4(162 163 173 172)
4(172 173 183 182)
4(133 134 144 143)
4(143 144 154 153)
4(153 154 164 163)
4(163 164 174 173)
4(173 174 184 183)
4(134 135 145 144)
4(144 145 155 154)
4(154 155 165 164)
4(164 165 175 174)
4(174 175 185 184)
4(135 136 146 145)
4(145 146 156 155)
4(155 156 166 165)
4(165 166 176 175)
4(175 176 186 185)
4(136 137 147 146)
4(146 147 157 156)
4(156 157 167 166)
4(166 167 177 176)
4(176 177 187 186)
4(137 138 148 147)
4(147 148 158 157)
4(157 158 168 167)
4(167 168 178 177)
4(177 178 188 187)
4(138 139 149 148)
4(148 149 159 158)
4(158 159 169 168)
4(168 169 179 178)
4(178 179 189 188)
4(139 140 150 149)
4(149 150 160 159)
4(159 160 170 169)
4(169 170 180 179)
4(179 180 190 189)
4(140 141 151 150)
4(150 151 161 160)
4(160 161 171 170)
4(170 171 181 180)
4(180 181 191 190)
4(141 222 227 151)
4(151 227 232 161)
4(161 232 237 171)
4(171 237 242 181)
4(181 242 247 191)
4(222 223 228 227)
4(227 228 233 232)
4(232 233 238 237)
4(237 238 243 242)
4(242 243 248 247)
4(223 224 229 228)
4(228 229 234 233)
4(233 234 239 238)
4(238 239 244 243)
4(243 244 249 248)
4(224 225 230 229)
4(229 230 235 234)
4(234 235 240 239)
4(239 240 245 244)
4(244 245 250 249)
4(225 226 231 230)
4(230 231 236 235)
4(235 236 241 240)
4(240 241 246 245)
4(245 246 251 250)
4(66 67 313 312)
4(312 313 319 318)
4(318 319 325 324)
4(324 325 331 330)
4(330 331 337 336)
4(336 337 343 342)
4(342 343 349 348)
4(348 349 355 354)
4(354 355 361 360)
4(360 361 367 366)
4(67 68 314 313)
4(313 314 320 319)
4(319 320 326 325)
4(325 326 332 331)
4(331 332 338 337)
4(337 338 344 343)
4(343 344 350 349)
4(349 350 356 355)
4(355 356 362 361)
4(361 362 368 367)
4(68 69 315 314)
4(314 315 321 320)
4(320 321 327 326)
4(326 327 333 332)
4(332 333 339 338)
4(338 339 345 344)
4(344 345 351 350)
4(350 351 357 356)
4(356 357 363 362)
4(362 363 369 368)
4(69 70 316 315)
4(315 316 322 321)
4(321 322 328 327)
4(327 328 334 333)
4(333 334 340 339)
4(339 340 346 345)
4(345 346 352 351)
4(351 352 358 357)
4(357 358 364 363)
4(363 364 370 369)
4(70 71 317 316)
4(316 317 323 322)
4(322 323 329 328)
4(328 329 335 334)
4(334 335 341 340)
4(340 341 347 346)
4(346 347 353 352)
4(352 353 359 358)
4(358 359 365 364)
4(364 365 371 370)
4(191 247 433 432)
4(432 433 439 438)
4(438 439 445 444)
4(444 445 451 450)
4(450 451 457 456)
4(456 457 463 462)
4(462 463 469 468)
4(468 469 475 474)
4(474 475 481 480)
4(480 481 487 486)
4(247 248 434 433)
4(433 434 440 439)
4(439 440 446 445)
4(445 446 452 451)
4(451 452 458 457)
4(457 458 464 463)
4(463 464 470 469)
4(469 470 476 475)
4(475 476 482 481)
4(481 482 488 487)
4(248 249 435 434)
4(434 435 441 440)
4(440 441 447 446)
4(446 447 453 452)
4(452 453 459 458)
4(458 459 465 464)
4(464 465 471 470)
4(470 471 477 476)
4(476 477 483 482)
4(482 483 489 488)
4(249 250 436 435)
4(435 436 442 441)
4(441 442 448 447)
4(447 448 454 453)
4(453 454 460 459)
4(459 460 466 465)
4(465 466 472 471)
4(471 472 478 477)
4(477 478 484 483)
4(483 484 490 489)
4(250 251 437 436)
4(436 437 443 442)
4(442 443 449 448)
4(448 449 455 454)
4(454 455 461 460)
4(460 461 467 466)
4(466 467 473 472)
4(472 473 479 478)
4(478 479 485 484)
4(484 485 491 490)
4(366 367 523 522)
4(522 523 529 528)
4(528 529 535 534)
4(534 535 541 540)
4(540 541 547 546)
4(367 368 524 523)
4(523 524 530 529)
4(529 530 536 535)
4(535 536 542 541)
4(541 542 548 547)
4(368 369 525 524)
4(524 525 531 530)
4(530 531 537 536)
4(536 537 543 542)
4(542 543 549 548)
4(369 370 526 525)
4(525 526 532 531)
4(531 532 538 537)
4(537 538 544 543)
4(543 544 550 549)
4(370 371 527 526)
4(526 527 533 532)
4(532 533 539 538)
4(538 539 545 544)
4(544 545 551 550)
4(371 611 620 527)
4(527 620 630 533)
4(533 630 640 539)
4(539 640 650 545)
4(545 650 660 551)
4(611 612 621 620)
4(620 621 631 630)
4(630 631 641 640)
4(640 641 651 650)
4(650 651 661 660)
4(612 613 622 621)
4(621 622 632 631)
4(631 632 642 641)
4(641 642 652 651)
4(651 652 662 661)
4(613 614 623 622)
4(622 623 633 632)
4(632 633 643 642)
4(642 643 653 652)
4(652 653 663 662)
4(614 615 624 623)
4(623 624 634 633)
4(633 634 644 643)
4(643 644 654 653)
4(653 654 664 663)
4(615 616 625 624)
4(624 625 635 634)
4(634 635 645 644)
4(644 645 655 654)
4(654 655 665 664)
4(616 617 626 625)
4(625 626 636 635)
4(635 636 646 645)
4(645 646 656 655)
4(655 656 666 665)
4(617 618 627 626)
4(626 627 637 636)
4(636 637 647 646)
4(646 647 657 656)
4(656 657 667 666)
4(618 619 628 627)
4(627 628 638 637)
4(637 638 648 647)
4(647 648 658 657)
4(657 658 668 667)
4(619 486 629 628)
4(628 629 639 638)
4(638 639 649 648)
4(648 649 659 658)
4(658 659 669 668)
4(486 487 695 629)
4(629 695 700 639)
4(639 700 705 649)
4(649 705 710 659)
4(659 710 715 669)
4(487 488 696 695)
4(695 696 701 700)
4(700 701 706 705)
4(705 706 711 710)
4(710 711 716 715)
4(488 489 697 696)
4(696 697 702 701)
4(701 702 707 706)
4(706 707 712 711)
4(711 712 717 716)
4(489 490 698 697)
4(697 698 703 702)
4(702 703 708 707)
4(707 708 713 712)
4(712 713 718 717)
4(490 491 699 698)
4(698 699 704 703)
4(703 704 709 708)
4(708 709 714 713)
4(713 714 719 718)
)


// ************************************************************************* //
