/*--------------------------------*- C++ -*----------------------------------*\
| =========                 |                                                 |
| \\      /  F ield         | OpenFOAM: The Open Source CFD Toolbox           |
|  \\    /   O peration     | Version:  v1712                                 |
|   \\  /    A nd           | Web:      www.OpenFOAM.com                      |
|    \\/     M anipulation  |                                                 |
\*---------------------------------------------------------------------------*/
FoamFile
{
    version     2.0;
    format      ascii;
    class       labelList;
    note        "nPoints: 720 nCells: 300 nFaces: 1260 nInternalFaces: 540";
    location    "constant/polyMesh";
    object      neighbour;
}
// * * * * * * * * * * * * * * * * * * * * * * * * * * * * * * * * * * * * * //


540
(
1
5
2
6
3
7
4
8
9
25
6
10
7
11
8
12
9
13
14
35
11
15
12
16
13
17
14
18
19
45
16
20
17
21
18
22
19
23
24
55
21
100
22
101
23
102
24
103
65
104
26
35
27
36
28
37
29
38
30
39
31
40
32
41
33
42
34
43
44
75
36
45
37
46
38
47
39
48
40
49
41
50
42
51
43
52
44
53
54
80
46
55
47
56
48
57
49
58
50
59
51
60
52
61
53
62
54
63
64
85
56
65
57
66
58
67
59
68
60
69
61
70
62
71
63
72
64
73
74
90
66
67
68
69
70
71
72
73
74
95
76
80
77
81
78
82
79
83
84
81
85
82
86
83
87
84
88
89
86
90
87
91
88
92
89
93
94
91
95
92
96
93
97
94
98
99
96
150
97
151
98
152
99
153
154
101
105
102
106
103
107
104
108
109
106
110
107
111
108
112
109
113
114
111
115
112
116
113
117
114
118
119
116
120
117
121
118
122
119
123
124
121
125
122
126
123
127
124
128
129
126
130
127
131
128
132
129
133
134
131
135
132
136
133
137
134
138
139
136
140
137
141
138
142
139
143
144
141
145
142
146
143
147
144
148
149
146
200
147
201
148
202
149
203
204
151
155
152
156
153
157
154
158
159
156
160
157
161
158
162
159
163
164
161
165
162
166
163
167
164
168
169
166
170
167
171
168
172
169
173
174
171
175
172
176
173
177
174
178
179
176
180
177
181
178
182
179
183
184
181
185
182
186
183
187
184
188
189
186
190
187
191
188
192
189
193
194
191
195
192
196
193
197
194
198
199
196
275
197
276
198
277
199
278
279
201
205
202
206
203
207
204
208
209
225
206
210
207
211
208
212
209
213
214
235
211
215
212
216
213
217
214
218
219
245
216
220
217
221
218
222
219
223
224
255
221
222
223
224
265
226
235
227
236
228
237
229
238
230
239
231
240
232
241
233
242
234
243
244
275
236
245
237
246
238
247
239
248
240
249
241
250
242
251
243
252
244
253
254
280
246
255
247
256
248
257
249
258
250
259
251
260
252
261
253
262
254
263
264
285
256
265
257
266
258
267
259
268
260
269
261
270
262
271
263
272
264
273
274
290
266
267
268
269
270
271
272
273
274
295
276
280
277
281
278
282
279
283
284
281
285
282
286
283
287
284
288
289
286
290
287
291
288
292
289
293
294
291
295
292
296
293
297
294
298
299
296
297
298
299
)


// ************************************************************************* //
