/*--------------------------------*- C++ -*----------------------------------*\
| =========                 |                                                 |
| \\      /  F ield         | OpenFOAM: The Open Source CFD Toolbox           |
|  \\    /   O peration     | Version:  v1712                                 |
|   \\  /    A nd           | Web:      www.OpenFOAM.com                      |
|    \\/     M anipulation  |                                                 |
\*---------------------------------------------------------------------------*/
FoamFile
{
    version     2.0;
    format      ascii;
    class       labelList;
    note        "nPoints: 720 nCells: 300 nFaces: 1260 nInternalFaces: 540";
    location    "constant/polyMesh";
    object      owner;
}
// * * * * * * * * * * * * * * * * * * * * * * * * * * * * * * * * * * * * * //


1260
(
0
0
1
1
2
2
3
3
4
4
5
5
6
6
7
7
8
8
9
9
10
10
11
11
12
12
13
13
14
14
15
15
16
16
17
17
18
18
19
19
20
20
21
21
22
22
23
23
24
24
25
25
26
26
27
27
28
28
29
29
30
30
31
31
32
32
33
33
34
34
35
35
36
36
37
37
38
38
39
39
40
40
41
41
42
42
43
43
44
44
45
45
46
46
47
47
48
48
49
49
50
50
51
51
52
52
53
53
54
54
55
55
56
56
57
57
58
58
59
59
60
60
61
61
62
62
63
63
64
64
65
66
67
68
69
70
71
72
73
74
75
75
76
76
77
77
78
78
79
80
80
81
81
82
82
83
83
84
85
85
86
86
87
87
88
88
89
90
90
91
91
92
92
93
93
94
95
95
96
96
97
97
98
98
99
100
100
101
101
102
102
103
103
104
105
105
106
106
107
107
108
108
109
110
110
111
111
112
112
113
113
114
115
115
116
116
117
117
118
118
119
120
120
121
121
122
122
123
123
124
125
125
126
126
127
127
128
128
129
130
130
131
131
132
132
133
133
134
135
135
136
136
137
137
138
138
139
140
140
141
141
142
142
143
143
144
145
145
146
146
147
147
148
148
149
150
150
151
151
152
152
153
153
154
155
155
156
156
157
157
158
158
159
160
160
161
161
162
162
163
163
164
165
165
166
166
167
167
168
168
169
170
170
171
171
172
172
173
173
174
175
175
176
176
177
177
178
178
179
180
180
181
181
182
182
183
183
184
185
185
186
186
187
187
188
188
189
190
190
191
191
192
192
193
193
194
195
195
196
196
197
197
198
198
199
200
200
201
201
202
202
203
203
204
204
205
205
206
206
207
207
208
208
209
209
210
210
211
211
212
212
213
213
214
214
215
215
216
216
217
217
218
218
219
219
220
221
222
223
224
225
225
226
226
227
227
228
228
229
229
230
230
231
231
232
232
233
233
234
234
235
235
236
236
237
237
238
238
239
239
240
240
241
241
242
242
243
243
244
244
245
245
246
246
247
247
248
248
249
249
250
250
251
251
252
252
253
253
254
254
255
255
256
256
257
257
258
258
259
259
260
260
261
261
262
262
263
263
264
264
265
266
267
268
269
270
271
272
273
274
275
275
276
276
277
277
278
278
279
280
280
281
281
282
282
283
283
284
285
285
286
286
287
287
288
288
289
290
290
291
291
292
292
293
293
294
295
296
297
298
220
221
222
223
224
265
266
267
268
269
270
271
272
273
274
295
296
297
298
299
0
5
10
15
20
100
105
110
115
120
125
130
135
140
145
200
205
210
215
220
79
84
89
94
99
154
159
164
169
174
179
184
189
194
199
279
284
289
294
299
0
1
2
3
4
25
26
27
28
29
30
31
32
33
34
75
76
77
78
79
65
66
67
68
69
70
71
72
73
74
104
109
114
119
124
129
134
139
144
149
150
155
160
165
170
175
180
185
190
195
225
226
227
228
229
230
231
232
233
234
0
5
10
15
20
1
6
11
16
21
2
7
12
17
22
3
8
13
18
23
4
9
14
19
24
25
35
45
55
65
26
36
46
56
66
27
37
47
57
67
28
38
48
58
68
29
39
49
59
69
30
40
50
60
70
31
41
51
61
71
32
42
52
62
72
33
43
53
63
73
34
44
54
64
74
75
80
85
90
95
76
81
86
91
96
77
82
87
92
97
78
83
88
93
98
79
84
89
94
99
100
105
110
115
120
125
130
135
140
145
101
106
111
116
121
126
131
136
141
146
102
107
112
117
122
127
132
137
142
147
103
108
113
118
123
128
133
138
143
148
104
109
114
119
124
129
134
139
144
149
150
155
160
165
170
175
180
185
190
195
151
156
161
166
171
176
181
186
191
196
152
157
162
167
172
177
182
187
192
197
153
158
163
168
173
178
183
188
193
198
154
159
164
169
174
179
184
189
194
199
200
205
210
215
220
201
206
211
216
221
202
207
212
217
222
203
208
213
218
223
204
209
214
219
224
225
235
245
255
265
226
236
246
256
266
227
237
247
257
267
228
238
248
258
268
229
239
249
259
269
230
240
250
260
270
231
241
251
261
271
232
242
252
262
272
233
243
253
263
273
234
244
254
264
274
275
280
285
290
295
276
281
286
291
296
277
282
287
292
297
278
283
288
293
298
279
284
289
294
299
0
5
10
15
20
1
6
11
16
21
2
7
12
17
22
3
8
13
18
23
4
9
14
19
24
25
35
45
55
65
26
36
46
56
66
27
37
47
57
67
28
38
48
58
68
29
39
49
59
69
30
40
50
60
70
31
41
51
61
71
32
42
52
62
72
33
43
53
63
73
34
44
54
64
74
75
80
85
90
95
76
81
86
91
96
77
82
87
92
97
78
83
88
93
98
79
84
89
94
99
100
105
110
115
120
125
130
135
140
145
101
106
111
116
121
126
131
136
141
146
102
107
112
117
122
127
132
137
142
147
103
108
113
118
123
128
133
138
143
148
104
109
114
119
124
129
134
139
144
149
150
155
160
165
170
175
180
185
190
195
151
156
161
166
171
176
181
186
191
196
152
157
162
167
172
177
182
187
192
197
153
158
163
168
173
178
183
188
193
198
154
159
164
169
174
179
184
189
194
199
200
205
210
215
220
201
206
211
216
221
202
207
212
217
222
203
208
213
218
223
204
209
214
219
224
225
235
245
255
265
226
236
246
256
266
227
237
247
257
267
228
238
248
258
268
229
239
249
259
269
230
240
250
260
270
231
241
251
261
271
232
242
252
262
272
233
243
253
263
273
234
244
254
264
274
275
280
285
290
295
276
281
286
291
296
277
282
287
292
297
278
283
288
293
298
279
284
289
294
299
)


// ************************************************************************* //
