 -2.439024390243903E-002          -1
  0.000000000000000E+000           0
  2.439024390243903E-002           1
  4.878048780487805E-002           2
  7.317073170731708E-002           3
  9.756097560975610E-002           4
  0.121951219512195                5
  0.146341463414634                6
  0.170731707317073                7
  0.195121951219512                8
  0.219512195121951                9
  0.243902439024390               10
  0.268292682926829               11
  0.292682926829268               12
  0.317073170731707               13
  0.341463414634146               14
  0.365853658536585               15
  0.390243902439024               16
  0.414634146341463               17
  0.439024390243902               18
  0.463414634146341               19
  0.487804878048780               20
  0.512195121951220               21
  0.536585365853659               22
  0.560975609756098               23
  0.585365853658537               24
  0.609756097560976               25
  0.634146341463415               26
  0.658536585365854               27
  0.682926829268293               28
  0.707317073170732               29
  0.731707317073171               30
  0.756097560975610               31
  0.780487804878049               32
  0.804878048780488               33
  0.829268292682927               34
  0.853658536585366               35
  0.878048780487805               36
  0.902439024390244               37
  0.926829268292683               38
  0.951219512195122               39
  0.975609756097561               40
   1.00000000000000               41
   1.02439024390244               42
