1.000084
0.999839
0.999106
0.997885
0.996177
0.993984
0.991307
0.98815
0.984515
0.980405
0.975825
0.970778
0.965269
0.959304
0.952888
0.946027
0.938727
0.930996
0.922841
0.914268
0.905287
0.895906
0.886134
0.87598
0.865454
0.854565
0.843325
0.831744
0.819834
0.807605
0.795069
0.782239
0.769127
0.755746
0.742109
0.728228
0.714119
0.699793
0.685266
0.670552
0.655665
0.64062
0.625431
0.610114
0.594684
0.579155
0.563545
0.547867
0.532138
0.516373
0.500588
0.484799
0.469023
0.453273
0.437567
0.421921
0.40635
0.390796
0.375297
0.359919
0.34468
0.329594
0.314678
0.299947
0.285418
0.271106
0.257025
0.243191
0.229618
0.21632
0.203313
0.190609
0.178222
0.166164
0.154449
0.143088
0.132094
0.121477
0.111248
0.101418
0.091996
0.082992
0.074415
0.066273
0.058573
0.051324
0.044532
0.038203
0.032343
0.026958
0.022051
0.017628
0.013692
0.010245
0.007292
0.004833
0.00287
0.001405
0.000439
0.000035
0
0.000523
0.001535
0.003033
0.005015
0.007479
0.010421
0.013838
0.017725
0.022078
0.026892
0.032161
0.03788
0.044042
0.050641
0.057669
0.06512
0.072985
0.081257
0.089927
0.098987
0.108427
0.118239
0.128412
0.138937
0.149805
0.161004
0.172524
0.184354
0.196484
0.208902
0.221596
0.234556
0.247768
0.261222
0.274904
0.288802
0.302905
0.317198
0.331668
0.346303
0.361089
0.376013
0.391061
0.406269
0.421644
0.437099
0.452618
0.468187
0.48379
0.499412
0.515038
0.530653
0.546242
0.561789
0.577279
0.592698
0.608029
0.623259
0.638371
0.653352
0.668186
0.682858
0.697355
0.711661
0.725762
0.739645
0.753295
0.7667
0.779844
0.792716
0.805302
0.81759
0.829567
0.841222
0.852541
0.863515
0.874131
0.884379
0.894249
0.90373
0.912812
0.921487
0.929746
0.937579
0.944979
0.951939
0.95845
0.964507
0.970103
0.975232
0.979889
0.984069
0.987767
0.99098
0.993705
0.995938
0.997677
0.99892
0.999667
0.999916
