0.001257
0.001308
0.001461
0.001715
0.00207
0.002524
0.003077
0.003726
0.004469
0.005305
0.006231
0.007245
0.008342
0.009521
0.010778
0.01211
0.013512
0.014982
0.016514
0.018106
0.019752
0.021449
0.023192
0.024977
0.026799
0.028653
0.030537
0.032443
0.034369
0.03631
0.03826
0.040216
0.042172
0.044124
0.046069
0.048
0.049913
0.051805
0.05367
0.055504
0.057302
0.059061
0.060775
0.062441
0.064054
0.065609
0.067103
0.068531
0.06989
0.071174
0.072381
0.073507
0.074547
0.075499
0.076358
0.077122
0.077787
0.078345
0.078768
0.079053
0.079198
0.079201
0.079063
0.078784
0.078363
0.077802
0.077102
0.076264
0.07529
0.074184
0.072947
0.071584
0.070097
0.068491
0.066771
0.064941
0.063006
0.060971
0.058842
0.056625
0.054325
0.05195
0.049504
0.046994
0.044427
0.041808
0.039144
0.036441
0.033704
0.030939
0.028152
0.025348
0.022531
0.019707
0.016878
0.014049
0.011224
0.008404
0.005592
0.00279
0
-0.002741
-0.005395
-0.007961
-0.010439
-0.012828
-0.015126
-0.017334
-0.019451
-0.021476
-0.023408
-0.025246
-0.02699
-0.028639
-0.030193
-0.031651
-0.033014
-0.034281
-0.035451
-0.036527
-0.037507
-0.038393
-0.039185
-0.039885
-0.040494
-0.041013
-0.041445
-0.041792
-0.042056
-0.042239
-0.042346
-0.042378
-0.042339
-0.042233
-0.042063
-0.041834
-0.041549
-0.041213
-0.04083
-0.040404
-0.039941
-0.039443
-0.038917
-0.038365
-0.037791
-0.037174
-0.036513
-0.03581
-0.03507
-0.034296
-0.033493
-0.032662
-0.031808
-0.030934
-0.030043
-0.029138
-0.028222
-0.027298
-0.026368
-0.025434
-0.0245
-0.023566
-0.022636
-0.02171
-0.020791
-0.01988
-0.018979
-0.018089
-0.017212
-0.016348
-0.015499
-0.014666
-0.013849
-0.01305
-0.012271
-0.01151
-0.01077
-0.010052
-0.009356
-0.008682
-0.008033
-0.007408
-0.006809
-0.006237
-0.005691
-0.005174
-0.004685
-0.004226
-0.003798
-0.0034
-0.003035
-0.002702
-0.002402
-0.002136
-0.001904
-0.001708
-0.001546
-0.00142
-0.00133
-0.001275
-0.001257
